40817
874503
731923
47644
145814
364188
883152
753091
15117
153548
50644
755049
856157
718804
402473
60042
637279
675976
871626
204284
915498
717434
648356
99931
46351
333566
238080
161757
687957
937537
896060
990674
564360
719710
278712
887065
615388
150426
961045
237329
727114
412675
945206
711146
184042
103578
497474
154448
25484
451691
101551
919201
705670
294084
195214
184658
968021
368994
283056
394138
255078
761204
443025
192963
160768
970880
588773
81402
470236
755969
692430
921818
399107
875246
74481
163189
874635
832674
452480
620673
314023
453351
811396
563
410555
942412
875641
669504
833783
405025
767723
97165
267019
570669
134351
787305
981651
947778
371882
417532
521080
161211
863925
584692
781918
861032
718038
292978
422054
973841
780242
654181
844784
210284
243467
799560
669062
944850
659636
29053
798958
244725
492427
126974
60293
243645
952111
361785
355098
624932
549010
652725
292148
916197
30135
693321
502461
989547
789376
190467
854089
263689
419589
392483
324374
413967
151556
248299
211702
26436
295782
218059
989269
129248
792033
96598
609889
959721
39244
923327
138520
582067
510123
586903
54956
386788
313372
224953
457607
561740
630189
448328
222377
980774
601208
60770
127833
679546
440040
309942
463104
94739
274776
809790
63533
47416
769803
145528
161187
556265
8827
292411
264214
181078
943688
832505
82741
918129
516704
300443
515244
491259
335643
224462
959916
527530
771995
684270
230413
960488
455813
921895
469372
671887
286900
991098
413144
38760
497074
992851
703496
103764
825547
750414
392391
711481
368608
143773
564499
809202
878179
711063
11567
708365
195020
902909
49588
69775
49109
208371
609237
110117
978433
399389
979365
917963
871643
606630
754371
175844
656798
124269
911841
613915
862106
38712
118388
953681
202845
926534
264240
180599
876146
508175
226994
509282
514239
828923
242628
569866
718531
778885
477599
510613
459902
444810
394531
269507
786104
310677
291657
671843
19232
955797
619608
828446
247208
764238
519489
201524
100080
374939
354308
97138
408678
121631
726272
269703
909290
438860
423253
545401
670062
727691
221603
752409
629805
979716
376905
206896
836776
825118
799698
854880
797328
963030
848295
217180
392467
427392
908188
350115
927805
982065
590188
626872
986153
360444
479316
217065
925142
418511
905879
221487
837532
545766
119327
100962
129480
261222
926618
932923
699912
600981
114172
264024
881165
173974
494632
135151
396175
682140
795699
458696
989984
611353
174386
602937
757966
751355
452277
470772
613004
429794
362860
525520
524346
107723
75373
629401
157923
933666
445137
166297
677729
106925
66119
459511
138288
849272
864158
689393
898562
571155
29201
340333
418736
478550
50064
132661
478457
664400
287495
726916
896971
177165
197332
125358
349670
72903
816150
304379
978750
920038
200649
684918
660518
812025
934560
702261
463517
551406
614848
226181
126002
106044
225085
796438
648214
678230
376751
567493
662704
879851
285852
318865
627162
729290
677695
578997
900412
807665
635336
784330
780528
835692
756589
353653
470493
404512
336515
189486
105034
592170
440930
397143
186356
729171
271402
763404
909083
363069
434397
304040
527700
782239
924904
619152
195145
160244
271576
456749
424597
982170
421799
457535
975442
690376
153987
13743
297127
557214
295927
311097
641788
482469
10336
737108
263838
527973
539383
429033
806786
91489
89320
650285
232357
852287
529802
775687
575515
77988
197312
823795
165748
835032
532213
199672
90485
258237
418917
829129
414943
759929
503653
665372
818149
318237
249766
679381
991772
476680
331547
73390
709417
581171
625357
316400
814153
504321
250633
673197
863428
336808
1421
990165
80424
405528
457480
741980
315285
432478
779945
692623
861791
299425
501976
462436
844271
332022
582575
688660
694033
533131
340239
26213
686575
732530
395865
434666
295885
443212
416019
490115
978095
445027
554455
620298
758937
920336
376858
355416
237335
993010
183012
998736
544134
480743
331686
794864
454691
622020
45916
673504
756768
439181
114402
744834
68779
919641
158340
487060
975378
887369
673787
264481
268808
997687
222400
994698
364236
779975
843619
354382
582605
150918
682758
529727
676987
736420
322428
137848
703426
237924
635381
760017
215828
237523
355882
896752
66365
278318
816732
573308
204138
231151
667290
875848
349336
149064
782642
633274
654506
604069
870476
510774
721265
120779
871587
127385
614971
267933
709610
585266
251426
738647
339226
147667
424204
929627
380289
732500
19609
399975
528791
713461
704205
714904
240465
977571
559987
636951
752306
325559
471574
649516
876707
900296
873048
446192
164555
29263
829445
607875
34767
316639
874930
519911
214394
434722
749150
706550
106057
928474
858289
319405
392592
173046
4564
713657
532678
982413
613787
646808
824852
407288
2131
558261
175426
442897
462611
853728
444565
875492
825668
835051
377285
796799
835133
918390
915973
628238
495606
840889
987397
184327
127034
980333
76173
215871
637167
976350
971557
6968
315680
747202
891081
311272
775096
609393
482008
538298
425230
83417
180146
989299
655542
5213
333510
532894
208047
143928
207449
109115
683389
936523
483166
471042
246402
263383
509436
363922
474015
410200
854185
538578
666768
567871
690529
876869
243753
303990
868247
592918
292637
327828
54023
464020
321741
491930
562089
441308
6128
121868
4704
122874
359074
1887
767100
637000
418533
941919
490300
130627
437687
961432
81246
215762
653161
792354
337070
120605
99931
4503
383135
107914
705503
678329
945100
661383
711408
787440
918536
240029
727616
390298
448016
299960
250187
252172
94683
433722
336975
13848
310808
993515
905525
253321
633794
981171
355081
593654
38921
135250
429190
740955
808861
737649
93946
248755
489374
928297
76377
418325
760219
72267
639183
643773
909870
186291
700290
256735
538715
642422
115238
26367
529337
163888
640964
127506
498352
490085
965845
527538
584512
90260
297109
535649
897087
322235
415275
148172
454293
311228
986552
337631
234550
4971
313911
121702
792883
669586
689989
917029
189786
946210
770139
66136
378703
509952
769744
903675
784508
791712
969981
237570
563415
976866
269999
412090
529956
172957
820446
272438
843556
910210
69740
170358
769197
922262
555655
833032
553616
224786
402164
649180
414235
417275
812708
796507
743722
254790
946180
223695
237949
529417
888235
687415
776297
407062
652925
84936
255262
540903
2230
32225
199720
921536
252656
479812
380949
270602
138595
272423
183734
320456
1084
837296
459081
758153
8872
960053
680996
309353
438531
137424
794305
981685
96992
335780
900525
816787
593625
104133
109067
934941
990426
321663
404722
402750
432808
968473
643811
671313
482137
199655
675554
857076
187956
888271
913940
918023
373911
354472
874792
750460
212819
887418
666421
452064
104239
348632
342907
22312
763999
631715
503069
104425
680451
389407
886077
397420
767073
121243
959090
918587
464239
264804
566881
904954
475108
277812
354828
13124
894070
618991
596823
804995
562024
451297
873127
902406
985292
950558
127029
15760
626544
893342
826716
845916
983912
721430
236359
258189
909129
794539
380692
980165
982954
458941
365539
84979
601343
337469
422144
883187
531504
953784
912799
447161
297529
122240
947655
873198
212437
698193
442157
28068
99453
17890
462635
717894
670558
635328
912491
765022
354981
42606
952533
173451
613077
350512
353384
355804
616909
833824
889545
437725
116225
817101
231529
70447
819571
165801
284009
76272
598783
403833
317364
31999
191422
14340
851417
332238
108863
638074
94001
728356
682868
418456
198625
533007
485916
811605
746466
726620
942393
269501
452687
268743
122350
370229
339902
938147
152721
743530
67119
751545
230786
578155
487534
155778
607536
274637
207801
535079
368730
626
728799
461283
336975
750590
743596
608814
977572
237660
688841
663272
132513
649388
295758
559492
103190
28945
193955
936612
309822
89878
316395
705040
643270
349635
942959
555835
261435
368226
349921
504459
719539
986727
103148
303203
542858
791364
991981
651861
14400
789867
57501
991939
317511
776499
388216
557548
682644
175065
376404
353205
66332
72812
468426
103060
908012
384721
60207
514312
745330
254078
595201
780676
925454
190422
866895
498014
211159
700793
550995
653924
988957
376568
766049
927369
453774
711716
454149
569623
337964
740724
812453
55185
76809
724312
998842
60777
645066
749170
640626
902130
327312
898457
568597
599760
347280
8009
437751
118283
393479
2400
97358
88385
72647
49767
905695
810528
406740
998491
441509
649267
770421
866829
85909
825198
834906
870374
716767
113422
961592
360895
355503
410717
961839
52412
25297
368941
672212
267928
141528
628991
722022
191446
961407
979902
343216
508255
540977
520635
452053
683830
404770
698590
284728
379112
114730
824246
783337
937180
515217
159925
522393
395806
964761
324927
992203
266105
823744
665908
134271
426061
423123
201003
215828
481000
408600
107723
784510
230415
940269
756581
353431
108870
99143
835058
789008
617232
643911
39051
149560
158546
700248
583040
308845
794570
166781
160480
779593
70510
700115
610033
618985
906594
845030
160449
929490
846803
143193
507432
26109
98583
726545
212857
104810
811872
705062
517144
841321
444376
659826
76795
392282
504874
508091
924591
802325
236919
966454
102275
881299
337736
932611
668962
345489
67651
648026
588573
410297
591758
175124
622720
881769
466474
307797
598228
115308
67612
729558
535516
899384
759232
25360
665767
559140
568169
96525
140630
73816
512562
344627
928827
963429
280271
576178
188435
559972
375353
96963
260515
29394
153298
120365
566043
249746
608866
66130
317518
986604
634498
142138
244209
579205
727871
23804
432329
459457
78426
910390
198763
837451
562140
100730
898568
869808
873295
791549
269710
816498
461680
32702
339875
25083
62466
370234
965625
904904
562772
127464
896738
42007
73819
209287
541638
747167
301852
471574
808198
315068
270617
883785
469358
395804
750307
920634
946190
291551
665398
24213
495755
349119
340230
766006
915152
222919
338390
593857
683468
63809
693359
664182
953994
160858
539892
985079
246559
439532
974018
302439
930390
955868
624184
177793
397252
637552
73807
913941
967580
961497
690824
230193
942606
179792
914459
243293
143221
885461
422265
339435
396042
591129
606062
448843
809876
922229
611849
881503
506801
227464
540559
249179
51739
862995
469537
365452
413951
678286
107571
151973
953944
642462
492993
55740
738141
74872
61346
142165
496149
739451
591178
8607
574659
111102
735018
192147
914176
945556
250583
970343
423695
16392
774180
965791
306967
752864
394717
193812
514549
456823
862547
742443
622194
221595
888181
237171
276260
991815
737724
381025
483203
238803
362104
308323
920566
190480
990408
396647
397682
598994
437459
174992
255628
254933
554501
29846
631988
552634
590724
63722
818423
642159
201597
500732
979582
367033
678399
506622
599358
554002
19572
286140
575376
700101
381848
220060
800092
118812
289370
726738
462798
817484
677861
476820
863272
433466
942512
773585
746419
752812
71255
836493
617706
18006
819586
280822
542837
978637
626627
622339
738760
943155
916451
45276
819167
728770
709795
845426
81916
816052
919090
471198
550285
174384
776619
679024
771303
925160
31210
21491
342204
656828
379554
56910
572281
225285
864771
625372
169769
990937
584088
715273
408468
135924
77049
115270
308403
766099
620864
137582
882725
322487
833305
262851
184353
432632
984502
161111
337529
986321
386327
159327
913160
952637
750603
352600
761419
819823
838789
5998
461854
164796
995381
697029
826896
353036
186805
932606
656297
514897
548328
94775
434550
185381
419891
377202
159583
760133
7790
726343
68747
305713
531493
855458
397970
469013
66030
154840
823769
251234
92574
748643
391540
597388
508174
604977
223808
123072
115521
892178
363021
274053
300287
188625
162024
728024
120180
53814
3013
715596
10519
89275
501623
79321
794829
232641
51260
697052
655419
615127
753618
16947
794495
174695
804060
263076
510592
351503
818552
393418
79628
493800
38248
660054
103223
315057
262818
42176
386037
499941
445633
336914
905899
201800
976916
307069
481668
274567
12851
582368
391695
724001
511763
590718
716666
831277
686616
908136
895084
172640
311858
960384
992756
704222
877584
960274
5423
522347
988034
282907
341124
486995
454722
29247
318569
527181
345465
338158
275915
730913
10841
173012
799099
341799
762583
111009
64509
934459
471464
465788
337817
700363
24961
368109
213264
783740
427997
587995
299713
297467
752475
39763
74893
355149
652043
686156
592413
512118
313151
257426
805267
916247
262752
604508
42365
523098
150694
565855
588698
357771
381793
545679
814744
245376
513450
815668
942919
151100
111674
578077
864364
575574
391798
237064
645725
403322
573309
719302
553425
804253
359460
435673
864966
341136
720447
72731
735724
81838
546683
202826
518936
527162
854604
969533
830164
786433
439551
363189
353896
445796
328010
235392
706989
88031
714778
430616
754810
698555
588848
422344
733684
303895
756533
718941
417374
29277
285642
888767
459723
13363
707144
559026
907426
722576
361836
179281
17688
786291
530550
719577
204082
230820
326343
916078
267106
878474
75021
253451
71192
114951
425053
460740
315694
477428
724845
10350
765208
844773
620963
569607
346619
224282
510140
19319
573266
189665
58010
641307
908694
934179
582495
427808
836987
813278
158425
371043
69334
23999
261416
231648
241761
387106
477365
735566
697047
175477
872152
886185
47254
308890
70504
225576
188227
928121
116808
579477
481159
1036
617573
269522
856774
734094
718221
231423
514106
811469
374838
949375
129056
94939
53920
930163
894121
889922
756909
335029
247254
903489
37734
174288
889556
878343
645108
771564
1777
480802
713543
470627
132617
925238
653396
11551
282119
609591
117232
412107
500415
200956
56501
170431
734847
20482
273274
982208
500145
3765
976829
202814
537696
928804
665919
462968
977088
797521
99644
845786
890008
415803
297478
185763
217727
817863
548489
626197
985805
757193
922321
289524
708605
322334
407414
115224
405774
782542
832807
24648
649240
319443
529992
386208
904907
543177
659042
773169
815748
271614
806586
306722
1347
615069
788970
320516
13667
896318
6746
755138
409179
773079
823698
932732
703271
924606
616247
28172
144080
773832
404724
708385
374019
320603
633192
790948
996472
590688
407310
473296
61784
609490
663609
222494
717851
303378
215078
927600
95532
608583
315133
74473
295519
388824
338117
822727
343064
465729
795604
260805
871820
947790
276593
36729
96115
323743
978649
986652
860207
407741
424173
974292
159653
221970
128322
160700
992718
521513
863445
152149
944728
525588
658044
421323
109156
606902
760202
451064
38753
993577
318891
804957
247656
567126
735123
182458
308434
705528
796299
487
566949
763902
928097
988119
919101
434344
222453
939803
919303
255592
676143
326439
735717
598738
574302
955529
46989
277301
31312
852977
153589
84595
687617
54648
990420
741542
615550
707251
530101
483931
921975
374660
209197
971917
986583
138194
20143
62422
502627
602908
510171
140419
320158
236078
905475
474475
339103
621955
999719
574629
910161
190420
455841
415326
429256
298782
622408
24918
769089
968647
329689
329013
864787
619954
898877
650565
762475
293523
617947
281373
776016
645288
979746
734125
472199
805930
581311
831162
597435
718819
467287
150329
117350
514511
474929
748070
758092
771849
54861
811818
454789
310505
340292
489205
685243
681069
223326
431656
842738
98319
827422
552563
388178
908987
425607
954848
17810
885756
775435
631098
456228
920859
856320
56593
201428
806389
490711
46115
43249
935631
702584
486792
589171
923271
329939
864742
858883
126711
613866
694604
642179
170133
516736
371419
176056
970154
488011
359104
982786
689303
17478
934358
17136
840894
87421
513275
438481
847128
438081
918712
929031
486454
266150
853544
224435
204208
574397
208899
19549
766254
528536
973874
609569
716232
967922
539227
413442
94250
587017
77367
356822
495689
445130
87303
961839
896071
334324
994226
429583
843191
733529
566598
457808
14588
726008
225096
173731
631148
89768
317702
298772
179891
503225
202316
898940
514047
187220
245313
821005
124624
503909
399466
513428
681208
637019
731383
938844
377676
138688
192827
336811
656882
360189
407481
981485
862843
440984
721489
681397
903080
319666
56216
199022
62518
983642
553107
27236
558839
171976
373863
615774
326216
196884
958177
135158
529946
944408
586227
349326
515076
646843
265115
312177
64796
919266
623494
822936
107513
77709
617026
159832
983668
987717
41239
920652
991672
476338
592628
532144
707193
342812
584428
305899
902061
155856
413169
862528
796252
668732
595145
637795
676523
106810
12432
1764
844233
384921
436270
79927
175667
886103
851021
648258
836249
293264
928006
780524
935140
277975
701953
33895
481151
190660
576699
939476
552141
252964
145475
335781
476724
679272
947018
571694
553501
606085
882228
72668
343831
91107
103382
494075
674223
477350
493782
176949
687467
549888
54558
730502
612359
35686
870772
302204
798500
673291
109449
822803
637086
738955
968987
86999
508445
636638
439191
754291
389309
497681
364369
346053
626870
508491
216498
665936
940889
359660
775085
314425
417864
323350
547108
757139
874649
393539
665020
887506
669346
316161
457491
202623
924814
363343
892610
215714
488389
393835
410243
67869
211142
895905
627473
436806
951828
990189
28960
192716
904111
647323
77883
829671
429960
38455
537532
894821
597140
756195
736091
509335
266477
563446
594734
91803
420705
863023
633426
271897
72647
683458
965344
467005
323308
260222
610931
468833
180990
444157
530785
363766
859283
714586
363131
598101
328411
108908
365101
763975
574796
12353
760602
140418
548171
198876
144919
828981
929358
524956
995328
255829
691316
88805
593870
950259
478789
85742
7044
89770
722222
712829
311003
435750
410939
642934
113348
890853
424898
24550
541313
283656
581238
860342
671991
124644
966626
435730
461690
819975
274790
593349
215223
371935
950321
628200
142422
778796
352656
908978
200467
886063
782741
403215
565408
487295
809246
4071
37707
67295
941998
219084
751184
652084
94498
599659
837125
973801
493070
393911
42679
197420
834067
194968
765179
414335
313851
888628
52216
813849
348628
799419
301100
559923
807429
637209
926283
349791
406740
269134
852133
821682
501954
92494
70202
12039
955325
815514
319408
256385
653376
526872
413032
104337
376451
676767
40216
478338
299277
567435
832029
587572
783375
808124
512547
979984
852486
71300
563855
314564
409472
948971
435581
581503
489707
545455
733412
690664
984646
680827
756078
21555
665852
976663
954140
210000
678038
285957
636594
608384
145501
790260
929927
242572
409427
381101
24628
600066
965176
531776
180607
796171
496203
198544
638369
32793
463593
871587
319115
849566
705517
624368
220422
876417
37806
694125
920968
757442
784077
633271
875797
426418
352281
87308
237511
198478
23943
515532
437342
570890
74958
485954
711231
605727
238853
462944
114024
151709
698944
705891
153580
449096
334767
153643
16276
478606
937171
411441
480712
696916
265669
566093
566797
114799
336448
319220
746452
868409
366802
450903
31448
903419
466931
575817
53565
67379
354089
344204
158160
839860
651632
520156
807735
989296
854039
571882
138023
584587
428452
443474
383523
210070
725382
468653
832840
713002
150655
789629
946993
899395
239555
237460
537084
109709
136520
901604
371547
380880
251210
412472
511402
136547
669970
599673
754926
270285
609258
206642
137187
65261
516263
218087
309458
770900
958015
993013
477177
973154
296011
849746
823193
400544
859314
859983
889402
852988
950662
759849
55650
106383
517835
843634
913125
738803
32906
786898
83125
500350
667339
414468
897372
960182
467849
112358
855905
577357
664609
889776
260830
860742
155521
509845
359974
728435
391845
17224
29213
690049
702833
281422
87887
812627
955713
233406
848698
866393
722879
155889
768117
958554
635399
37503
130131
657563
577862
293354
154301
172835
918630
429055
913666
597874
481540
279596
414930
623205
4949
241635
605635
923845
406579
31848
412063
740688
779801
488488
695099
957278
619326
12032
209751
639639
83862
117485
91079
966512
103558
334046
533281
413771
295937
222432
219817
181934
696029
636688
40340
133413
837835
786062
838267
456105
864765
713378
814515
209231
37026
471844
659611
914719
914699
282514
721231
134661
6358
480572
90339
517284
374014
116665
409308
198827
782077
497602
286421
401848
904020
243829
651207
607113
975205
532897
592669
550145
525645
195172
246482
408481
38303
253824
168829
71510
702371
784470
590619
672090
574539
837534
819921
283399
234152
320446
744199
468020
914313
725056
565261
543337
449534
575341
156541
518454
898095
540033
618292
166708
112160
586849
634520
125280
573546
343640
996708
679999
239830
611294
281974
374110
867255
153511
127134
467646
165484
919134
218250
897925
117757
778257
534388
499323
260203
184883
689955
848296
886843
80900
901596
823958
550224
644871
65232
564298
656635
735256
534235
34686
952893
735182
920694
502833
299482
97506
358071
819876
428720
708715
579025
296300
10131
593627
648252
535346
642660
341784
276942
193365
471039
212570
38861
800543
153728
495880
666068
297361
837771
137681
34828
986019
841066
59758
711652
161893
536859
252901
612578
439084
967106
286880
83111
343693
658526
173746
256855
776738
613789
241258
807591
276402
554296
349084
218916
505056
689222
209867
48132
76983
196914
859103
627827
314918
868566
7317
110673
479785
83255
159729
198208
625673
766074
879468
526624
984600
903532
779928
112472
269636
683377
37454
847506
83753
376723
500466
19056
374875
188680
599588
168217
706088
531931
383442
634047
413460
552082
993080
291108
170484
144835
294593
437136
329238
435098
62487
394357
993621
161993
960343
840866
325741
131790
943461
741307
351468
298435
307406
725414
227008
634335
316158
159729
447480
418565
62572
68839
525853
502669
667657
87642
365299
866332
759937
377936
262002
91179
964092
20771
494615
866647
282264
589253
848751
75906
508883
837253
951205
236607
505846
328686
516549
875889
936132
172668
161854
771616
584077
8926
537579
249903
473345
806513
565285
887539
64401
868307
477108
667977
34750
708519
840902
615237
652318
736535
750304
505233
500676
83078
22126
25626
790011
655255
304715
420895
997374
461974
155048
537651
435321
907360
350588
442652
689362
10549
330560
906270
796169
353015
482066
31545
991120
598360
590902
32552
869351
702796
570309
572521
781174
626129
986871
595393
668868
775521
52955
822055
229245
472882
848141
461125
94629
754524
563630
889290
262991
438855
815523
894424
601386
434859
877621
276577
387648
235721
429815
308986
513505
424358
932976
229336
190738
424811
430886
601157
938063
756156
88888
47044
739501
122880
224440
449899
480953
994252
182697
640309
476427
787107
708636
402707
142798
72728
386280
944856
65346
427682
913822
66351
704706
390224
329020
392394
68892
298062
77577
835626
337156
584715
973863
228986
652081
936352
260145
695255
849153
636200
2759
422502
76921
880948
553646
402156
711985
138212
414892
612766
639477
698726
111910
831383
879879
49909
393213
368075
417933
477644
60018
448315
547551
335761
383586
976083
638919
469522
882945
950276
909331
922770
361471
756014
28659
179823
24883
313620
34123
38884
190506
565592
42913
82536
406038
721317
433476
923223
984906
296114
979321
553544
964449
439858
223441
881597
688891
895800
327246
854697
686049
43534
834272
219990
658820
455990
6820
534501
188798
885422
170811
912968
532440
891344
877676
60653
598572
546361
717596
772617
568279
29605
822390
479084
656314
145045
593150
417474
471478
662340
183029
615365
400075
1565
62990
27487
487036
296490
358621
719437
469235
974313
187230
922461
839565
585712
125827
142995
183553
230976
311535
33275
359035
610612
487438
324747
575980
838246
545111
85106
169622
527196
302026
227457
145153
150872
695178
956979
795116
829770
434275
827407
226388
598050
573837
316818
987685
557240
856066
765252
442204
94882
808541
372871
578076
482633
95746
914365
229282
505960
579268
356661
955025
206944
376844
856715
482615
289438
318664
35479
146806
599940
951260
196085
241356
596050
891110
42540
962580
904792
132359
219976
217675
564692
120030
496871
140695
55080
607028
113723
393012
334841
56125
639752
351029
493480
802727
393371
988810
327973
12897
45718
204175
737527
855240
739129
881679
11933
896611
164853
128769
348460
27763
602046
33979
494100
785700
762911
911035
724744
858078
865174
859717
304044
561013
256323
372450
560651
450571
991167
966025
580045
432756
194833
847284
843993
757169
298622
162763
165499
183313
696628
760006
593263
862874
492428
755813
518804
237176
173773
358549
975716
349405
77993
228512
424096
198072
815180
906950
763804
412484
663645
253452
651277
338203
935659
93291
2684
380464
722982
301246
541336
981598
708516
643401
783202
427903
269492
36136
750160
170264
188160
610407
699438
96708
883197
83714
554766
271537
614546
199373
896184
789261
780657
90594
483048
34701
13934
115106
333882
391406
256280
365399
36334
71206
896654
427046
995412
111392
771741
995358
717102
419724
434779
377705
993884
993572
58864
750135
366833
598749
643161
120283
549980
212895
828263
332967
367579
600517
150504
519273
569004
864734
943250
353594
194523
648641
274865
119164
41309
647445
392312
971084
553086
78580
886609
858709
647212
492270
869140
535243
901661
1810
908285
250815
403100
637214
735903
74036
287628
304193
137376
30356
34341
4303
402585
417338
801685
784741
71934
127060
327504
285565
408417
547344
783221
831439
223655
547974
740501
241490
821311
945658
735409
777806
799857
553292
456185
7986
16816
244187
693795
798291
79197
382239
521422
312910
98421
665014
37854
406547
141332
13328
686179
600880
546333
606537
148816
710653
476932
557425
90684
423056
670525
94132
608594
405348
925528
495280
886748
705789
602817
713443
44467
800132
298170
182367
434465
920297
306145
249718
221663
539317
50513
710058
64887
642477
460151
730786
3068
958858
218841
170316
632638
160916
376502
223718
333743
534080
658130
926454
491859
109321
991313
528806
846649
419642
593018
8821
547851
166789
834957
989859
966895
884061
747175
526147
940442
868626
52612
409968
103234
818490
941080
451276
728444
762379
426497
483494
941735
214819
170017
165216
86741
501176
839996
870988
792021
41617
627350
941231
238153
172304
901928
226108
320389
364016
222549
164856
230904
842268
888578
891328
815419
481306
896244
351963
728005
661578
266208
790332
306970
708282
846664
869697
68524
562185
185369
760716
254706
918705
354411
209646
57679
513962
244163
330471
898758
655237
898136
351534
926336
305344
466460
24996
308342
715229
222789
307626
386301
463030
75712
103899
750791
367073
250814
725188
926846
990
318059
493823
799667
948927
466414
510597
199530
274772
121516
630923
818602
918775
268574
733185
632181
637118
287354
969539
306243
740766
221288
936411
95432
897110
497167
397928
63746
824041
920174
73394
195084
314266
338420
731578
463013
50025
511567
233299
947477
563527
427155
442816
909274
184083
682331
134056
912105
766283
566669
495830
707905
555685
218704
55879
922626
914626
849707
786057
123989
992565
105631
170552
387770
141620
877837
316389
759448
711345
395642
665117
372601
280305
846902
186426
197
192287
262984
335439
783469
187002
460871
170622
814007
732910
40753
286124
542498
46753
167160
884605
929454
4973
79969
203423
794156
369817
524155
190225
468692
983707
942675
180994
637637
612318
777036
992450
322736
837793
762176
949994
843212
198009
700820
55901
180890
141163
216514
61727
545524
567154
121427
328530
250944
858295
853578
650943
552443
23566
484868
343189
841258
686157
687580
491957
827567
331821
12040
328771
868009
453638
106263
208042
904560
127482
912934
108991
882185
328771
14189
534212
772155
2401
779292
709328
672288
560897
990707
638830
69800
306901
61321
730557
581850
798890
129191
706257
46961
363982
970906
390440
853403
242156
73576
186044
42997
788213
182224
74315
204729
682103
315769
113340
425071
366602
814426
648341
309029
395882
881263
139237
702115
754157
219835
745219
63012
398219
841607
355679
892490
696264
467221
738565
143603
894543
498540
28445
625277
944257
507352
228830
553282
917547
749928
802275
527633
657656
155140
112618
570065
704843
473999
991963
217513
986697
67212
217738
798399
762875
68699
883866
335148
338291
31409
710230
838654
317871
582346
454187
938414
783283
751277
235095
459383
258290
832823
323182
142728
605978
22870
100730
124646
26304
994379
26154
657633
941231
772519
259344
321643
884132
480804
360547
362874
224109
134303
76789
134077
154134
787778
261115
913628
337888
494321
506914
72641
240171
920883
697987
15756
972599
390043
863111
958897
466473
670962
223890
652230
435374
709914
393167
460591
632564
511894
707085
432727
3097
951514
790003
835105
847936
988397
465819
10892
273409
826740
316234
733515
589234
876150
215208
91052
964367
829884
741666
95949
290630
280756
411938
726585
881672
494332
843649
100848
139650
558782
108792
310195
674533
112977
717744
271661
438236
402552
940525
423571
985603
596481
443160
598284
313468
242052
609183
960352
647610
311158
831315
978730
577171
781173
894893
398386
161012
86371
805650
524710
50517
79817
1566
152287
584078
829607
772292
289130
503419
665684
550122
809080
835990
402666
423706
611823
207316
408898
708559
387963
759771
532967
246011
43917
115292
599084
22531
709649
328364
840129
645375
24455
376669
41990
657162
477499
677155
95412
144257
137291
418433
887629
90630
656202
209999
599893
904398
621834
212244
495422
376088
720036
19052
646711
492515
264270
717471
285965
359114
947926
189651
481572
912526
841788
291553
224858
710408
383759
744667
708015
564163
821883
623468
610275
237821
270991
345775
956966
694754
691013
978952
568666
926540
314408
654918
136383
862975
501883
433784
482173
599152
592813
628187
670092
664176
698824
148328
943097
237449
973956
638825
43392
957132
995572
956271
681694
98082
504540
646817
547493
374760
590076
447569
516801
696771
440553
812234
677936
927647
966799
913075
814364
401642
792640
88542
403152
593128
326229
34256
548471
870534
793857
772565
899634
372557
269443
586660
770990
313994
24078
664408
414259
410683
595913
258102
46766
448178
733531
184977
299361
139547
325451
748622
526701
270511
338237
861816
740238
184376
193516
207586
652791
772898
720106
620164
107164
354649
84230
642216
328684
450235
892976
326597
307074
430219
712775
321086
721312
937517
196563
734143
956737
636432
264021
991077
519772
712588
802688
786346
967853
987393
537329
903621
883497
632398
242403
472783
636731
366195
425605
165098
696902
410548
82395
220825
955919
255632
292993
84296
628259
806946
115125
322393
132441
340451
722276
765204
309496
176982
204699
906285
913910
974186
52730
98401
803911
969412
486984
753623
168491
572288
435257
179123
651289
899114
300725
224499
822705
796022
943484
514962
672740
479344
219320
614455
962029
470288
956828
260021
228313
57059
445479
74870
117281
79386
564482
724509
946150
844587
355577
575277
783428
823651
370632
343198
809938
50354
941841
947015
581592
401601
806725
9566
674974
858325
12463
511235
83403
778758
165644
701837
478748
196955
403216
433779
510156
984080
272006
27515
935700
333617
618758
144415
815351
964069
810048
25375
308435
961559
136696
852937
564995
244598
574131
438006
20175
362357
530618
542218
608349
501093
690280
550883
727642
281253
365809
798437
725971
450484
292058
272399
821700
631640
371437
660438
546966
636149
895810
308801
238512
196532
73960
734899
970535
914336
56408
655793
929418
295959
933202
280716
332379
302750
376179
845355
811316
282569
800429
43373
400766
911902
768990
522290
224805
971835
300250
958195
807096
411150
47670
637683
585228
230538
475563
576995
57461
51438
395131
268384
858339
553571
502005
127007
331164
749851
649380
473698
387152
159503
792194
13216
887139
947997
225427
408816
906566
268642
582128
491661
755535
115591
669048
212347
875540
851681
915715
697628
972779
865160
244936
642108
573271
605308
738152
662570
747460
959927
8848
576504
71008
745307
124209
536453
21954
414832
737981
944971
148830
429438
69046
707398
148840
440947
503595
510321
404900
345298
758652
572338
990603
150533
240100
242785
585121
69154
37989
887736
804275
531381
713164
652860
115800
161720
527364
111887
604370
579406
777984
336701
731320
952796
633613
276908
276969
784717
461501
614419
656369
904145
208197
147571
920845
332489
363159
25074
828466
519025
846056
619633
234482
984875
464354
69674
963105
550430
622701
772312
53201
437876
273189
174665
859481
821721
322817
464990
130592
483273
160336
904492
891136
15500
745748
32097
61857
107470
22238
345692
75261
438455
463772
736578
990427
971445
565913
674816
156387
462057
21413
508895
413445
450324
250134
625552
586833
26020
482150
488171
608789
30580
489470
877080
36883
631576
246232
571355
22600
239412
339717
250751
811681
901230
644202
165679
430073
324998
863356
699998
3737
329024
498128
23861
966174
952393
167734
268608
223552
67041
148515
80876
520470
785153
682196
13003
902884
553065
87530
519895
884982
289881
945508
423069
897188
59593
593205
155317
123820
557683
459535
608592
496311
994486
99081
642811
803270
22247
216207
307178
930204
8316
772670
288877
862419
624780
239939
932374
787895
986873
759389
943069
485269
324665
590179
768920
164052
630911
403492
845966
392314
108522
239775
999170
762265
174932
947546
516179
127765
709675
787814
84684
902022
101099
440290
814494
124700
390038
898544
706923
216069
874158
623058
957935
467504
884578
345012
673942
454472
97630
805584
878344
891035
714764
622548
79067
688843
540356
758915
814869
170052
470667
781587
612098
814818
64331
879004
7272
892076
737145
467638
450160
954571
344424
810552
297117
422926
537096
517403
173552
848912
457784
398359
715140
380249
300751
683146
175130
125322
490208
184000
292377
819155
321223
167249
309161
2538
151907
500712
357877
159403
880958
858030
492762
344022
856641
678600
81220
753795
800345
498268
291177
454843
854805
959310
285087
819039
187690
440560
834256
524086
145066
794796
352543
415157
603887
881459
276873
711464
487489
556547
985966
788878
304126
515657
565966
463303
957381
573541
428260
222721
464956
20166
917460
963928
172194
863469
579034
218127
518469
808135
739350
699538
76334
89534
977949
394923
512449
399470
177633
260619
403275
644700
486502
301970
295628
350804
543577
837195
634754
476594
663167
757631
209994
327768
773544
787500
866941
21603
660499
201332
480065
222341
177503
383833
79456
528117
897576
580013
355553
348060
149552
886356
445137
924993
871018
927755
31090
108873
146274
449493
693184
951888
106594
202353
40016
235828
264439
66233
64040
891543
559958
882527
445297
777094
798173
395321
171171
846851
231972
719247
230220
65045
587615
133498
857208
562613
344964
841825
309404
476807
178146
948255
456753
776802
640448
476445
221171
489219
561806
544782
435505
955374
54045
248602
939125
505324
479905
162094
111197
618031
6874
759216
596088
690085
814304
145686
138928
45863
886942
521206
597468
523367
798481
125509
872798
258115
767112
518068
771073
42407
180080
925771
343965
278786
270631
883287
174193
151878
242985
191414
458913
794774
925901
790763
145899
720745
788184
281787
721885
50831
25752
863571
529543
333775
116060
521701
625582
916251
881570
630350
418646
801587
755009
183431
525094
944006
620916
364726
78113
625973
816595
735648
646041
362550
980159
425057
949665
783860
131950
904794
696115
381758
71621
516848
108483
50355
77098
360196
363245
81491
569818
513100
895620
236306
481163
982523
749658
858896
299985
464600
514951
229124
720580
762423
893799
965958
225569
706399
253902
835381
731378
86681
101460
298512
872837
658728
51290
231768
931641
706546
926139
764037
663602
679838
3310
455244
253949
301141
802122
722995
11665
377999
950708
652648
541349
443383
222685
229524
65632
206564
505025
471076
773675
145403
791391
426878
891239
76423
299685
75979
947851
470959
583874
125284
935076
612102
361718
212979
991680
738774
895336
675461
53059
97345
633598
266184
261631
108751
343916
252738
89505
442443
584668
403858
954256
884603
81817
487066
669463
515139
845054
275324
799589
606648
927080
696643
101733
671751
902392
341489
697380
217822
331449
721472
409073
445438
754763
753797
786774
109590
429239
270056
375859
142825
541278
12307
873376
622009
795786
567838
344267
395611
656317
748292
661742
772791
786212
800436
693722
986037
2066
775395
872087
926263
510748
308642
961610
405109
800680
473238
134978
408665
783551
69216
24236
194735
795261
168680
959718
896774
462168
176168
507017
442878
942438
765926
365253
975113
970379
308347
761864
287283
328459
74643
773993
734433
326920
337795
200114
665118
576797
384914
689862
633976
960464
105399
259260
790698
304785
985502
999672
214705
447875
267316
552276
823094
717148
479017
961442
949191
233443
257025
783986
411073
102314
200119
737988
427066
32190
422539
80172
747487
714908
391025
975427
759315
874706
993502
183496
196724
857898
848042
514748
398179
98541
133360
696727
545797
590813
811758
667032
373392
944089
672175
899757
269463
430776
525073
618999
269663
139655
44649
834254
512085
374996
390075
34679
640302
149954
465881
58452
179399
49073
33592
851357
553226
875660
7199
510512
863450
527540
477935
144197
895672
541957
383813
466824
592186
562885
332648
498188
461143
77821
840317
612312
177860
600111
696550
714714
403456
82132
48700
898607
882507
444232
954606
398408
261892
403083
60567
693539
603997
970925
876707
208342
638899
208957
479222
63227
809154
95062
366665
237432
96161
296898
923336
705300
42239
126614
414178
747918
330395
623541
846033
451963
611096
490972
466869
131223
78260
390762
489698
452443
38794
377337
374238
78206
274147
286598
225976
258300
454790
926625
829899
649655
573573
633242
270540
554227
116958
725278
223103
530525
362553
175756
568024
430240
722905
108191
761622
927909
472829
703511
202538
311080
131836
701443
797763
631369
993624
463888
918178
527491
871959
338802
383220
780610
696181
633632
88796
145630
775497
875543
981753
824141
911347
396978
277094
378978
320448
483712
818713
316842
520993
443407
258461
31442
761215
645211
26573
726959
60626
404818
840734
326406
391825
392296
88860
540015
818640
606660
857512
757895
119681
490026
349988
678638
870597
47037
742592
638660
54001
885823
876405
260827
315210
709170
816138
932668
329517
350211
858634
444931
78375
190802
190795
170718
730719
924924
563221
75937
820235
932141
263245
547880
913538
919037
276722
356927
865509
715675
71704
983262
191463
884559
739358
442663
343603
317580
899992
104401
486194
43536
594480
589153
545102
279047
610411
726750
927876
556579
146650
547407
64142
32328
749896
180313
816681
23071
686175
357303
316401
126934
846263
854054
111370
583193
408127
375424
838421
825914
288508
170629
570603
373515
252703
29346
187831
459248
155923
386869
917840
267643
961946
906767
68069
464017
309133
864111
659628
252334
343453
941447
572300
587867
162173
539559
124810
476264
424957
699602
802544
231864
243951
794709
600993
677423
124062
675796
64599
189472
41126
461199
311914
394144
254218
486789
189579
258028
4375
239259
227971
550949
690368
569492
329368
749825
501579
874502
381360
169772
649846
743112
484843
486830
950137
63177
297568
155253
586667
484862
673592
432976
814828
454714
384259
203746
991104
39034
530187
793034
196286
944437
588282
117533
508890
876986
281055
478121
390890
802210
506252
465233
115877
99535
461874
460915
628534
32964
338639
451013
867193
732629
11630
98625
183087
597765
846396
491895
370885
956683
899061
974786
624930
398215
557371
409200
882744
869931
496058
841389
547597
5018
609548
592729
881240
351842
718738
902660
801982
661904
421581
446539
4155
978106
11689
59153
538820
120700
454894
731685
210092
786796
100265
282471
147224
713135
786944
686260
683913
626557
781992
998856
204353
255753
414462
653676
210219
583151
635347
579742
724668
954200
787730
618189
232928
604126
794047
219453
584394
814485
842059
40709
772442
3738
371570
724972
269066
857857
974985
331829
204858
337591
651211
565028
743189
994772
89325
872540
9368
209207
838398
86911
289079
133753
590788
67008
754696
120782
35988
899510
497678
731717
792026
616044
915535
806533
390567
558710
519366
625451
777832
444407
526108
917391
9746
702039
30867
782773
332863
177842
588631
460927
258891
498760
868314
216127
391258
938315
799896
393886
915800
720705
222253
681031
260081
823901
470613
23150
752074
764034
759688
610603
654155
59425
460391
952903
992302
567734
167847
360765
131993
499949
841700
184937
211111
604539
678643
13168
842063
574890
268442
121209
442559
307770
980967
359606
12962
552246
113263
602675
438136
731559
742981
411188
623394
15483
47234
815163
742538
2477
148157
88257
931594
92707
63653
35501
422212
705079
49927
162132
211511
723686
725316
630895
138317
472752
809046
671711
706776
611386
102519
22666
222095
43382
68374
914802
391844
714270
211248
360195
190443
428946
364618
794983
690510
940736
490877
550033
304229
950169
841422
412016
681151
450007
790796
920678
44270
840048
12464
802396
277523
680021
408472
934438
862942
195939
94279
530960
436964
47897
806524
692366
322049
875155
527848
537129
994620
907674
493881
562512
299634
113881
613922
360585
872869
175625
268135
564531
860529
713340
652708
103496
253020
387368
829858
760129
520595
715690
169951
855507
962262
404781
133443
926122
965235
367011
852380
396760
104751
844379
614625
54403
824068
576379
234187
547335
489626
460836
420557
336354
504313
403584
268009
742934
245128
312636
108979
884885
542344
209870
777741
586240
783510
484187
645831
736070
502845
687130
915057
752548
843387
476889
860502
121594
987683
574354
65184
619852
333240
806393
285101
495495
964910
264883
5760
545555
358744
131906
531554
180117
276305
540942
277233
611576
525676
322603
747608
730414
380448
737067
920020
373818
641168
312485
497385
890388
247611
861458
594397
481260
376829
364120
138196
715705
73277
777373
209019
1082
483139
499482
860605
792462
656104
961558
536368
485202
156099
967507
441026
244734
946892
492538
782282
104759
838510
142750
351567
842053
401988
926891
373968
221956
785987
160090
422031
277506
305458
757638
238825
593306
656014
899966
870826
584137
645893
156683
990769
917703
479668
238270
810196
478901
878877
298410
744639
817445
853753
998966
737334
10399
233964
274010
629643
52366
505926
710780
69697
924427
997631
634939
668328
966274
588075
572133
787993
772821
45183
772323
936301
366209
890047
44508
270722
401572
937586
844670
660862
859659
401742
829160
242320
8434
673044
196878
975057
460018
98259
136096
215690
676766
917557
141666
419595
87785
101490
432257
714092
431434
689293
677878
424508
225886
434250
70395
900477
538998
582762
368214
924606
453104
288984
156
329503
488980
228758
936656
496294
544668
724681
993439
315513
545332
729516
980570
42282
589370
392383
674748
714036
712621
479853
596217
501954
547943
436934
104918
661026
401118
621598
536445
693696
772707
424367
802846
633995
618822
421864
164971
488255
579859
589345
464998
485668
583396
394206
855521
21907
169315
699582
31940
194098
766875
132245
455489
631928
41807
542747
522973
43523
518570
334528
894391
913860
298972
308252
461792
52999
787704
320965
814907
756978
103464
883523
163214
230041
870883
32093
879367
776437
280876
599368
260595
982746
730275
264730
517190
562435
946633
767377
396725
919239
41922
503399
456568
620495
569105
603846
516349
122403
728657
263690
399701
450003
303461
1186
487640
384047
598442
916162
428090
592717
82674
525023
947046
636826
262844
727809
186838
894204
172505
61343
130759
113945
417501
30111
890293
653734
807085
931933
283730
180019
987715
621939
520296
28342
775514
877698
828295
383276
414761
193113
844447
966614
475571
514922
430156
756233
133119
823057
773394
370044
416576
97238
194526
701993
161875
857857
413361
486222
8485
525346
104466
675617
7147
86934
518939
780336
454908
832038
21204
817092
279754
873486
224958
578569
415522
790095
773103
267398
950598
906823
368505
335662
95943
647277
316974
660185
728075
401520
820173
951596
655445
454985
459464
861075
141258
264895
289299
740234
393883
322153
100601
959232
543602
751577
769205
688478
165462
317274
201935
28659
412290
853634
134550
142083
599376
653719
740367
2374
568188
930630
895376
574179
264040
795759
956755
743338
998030
386868
635735
889642
717428
214855
838762
515438
712570
145831
856309
294611
795672
46530
196515
182736
559123
911070
639219
367719
694273
574855
625297
906433
183891
778452
906173
942969
69118
862044
672305
381050
308934
572688
845547
107838
409799
321833
854858
197336
176153
475196
719953
942904
411842
73417
572473
764225
869919
12407
46229
697056
980584
568235
476387
232388
218563
723749
225102
599715
572007
384281
797357
640803
604227
407172
533750
877116
262846
677933
869685
633417
332882
908375
68737
505158
328142
721574
424056
491851
55484
492160
321017
629802
908684
411030
921155
7744
504659
762082
748691
532008
471418
826906
56422
325336
416845
306740
239040
857650
208842
956027
353492
336739
997714
769517
642869
224021
38085
865089
820132
184098
123958
473963
770852
121578
604366
999606
568244
848029
520255
464135
459072
427076
46712
13653
641845
458435
669674
633923
742514
933131
768446
657270
269378
715599
83091
521070
408063
321383
194060
774277
692623
89346
670466
845890
772241
948330
364643
415490
485876
398958
858957
140399
196114
724628
26536
90347
507726
927638
949872
197121
766742
988823
222866
257973
684701
431886
423396
111966
905719
874174
351148
867963
826875
635795
257555
362940
727253
49851
178206
646330
830302
887924
433632
538729
459744
472145
485486
580686
528987
645822
23123
290438
613880
379274
763834
256736
798053
351247
417229
189718
877267
53341
995969
898225
198564
312157
618211
598656
147419
670860
518450
98328
779534
842855
306630
497886
157092
595167
870058
154449
422801
976415
227832
952193
243259
315038
985259
437377
208513
326862
985506
2166
513275
459958
133512
256507
700505
418247
897752
990055
473435
546216
852940
443214
347712
928755
638956
190065
870395
757610
457502
25190
462360
749039
324972
649402
64592
31440
919414
191729
453237
886517
760670
149844
862392
906945
882493
125730
85951
923305
373197
214860
119195
501296
804012
246031
219526
80521
877267
595574
840100
305081
631794
284156
823225
410919
129472
925841
815962
544677
187394
394070
609112
922293
982601
892982
764791
66685
27524
582384
892843
547298
691554
124332
433016
683095
901113
972393
197906
898666
836236
418866
229872
63541
90826
122997
408364
772564
460882
4785
156472
850230
989938
873985
930522
292157
561930
221493
689325
25560
420670
248931
483796
759322
955347
219245
13489
279305
489534
359571
163964
927972
809776
816642
263678
858672
341995
638094
664640
771458
498251
511491
924731
297705
585996
511809
328435
535005
74910
847963
138870
250592
723734
990315
7307
581298
185150
220916
966032
595458
965308
830035
108769
93116
16436
30755
670221
468994
704988
469695
172843
717998
215625
388407
905567
948618
320498
175131
655981
908965
320993
613308
824272
672434
230205
823272
12124
784528
804788
474326
517736
819940
59751
646341
265956
659358
650768
933530
879396
76293
88172
757896
905905
490196
249154
31529
168407
304501
869851
779106
98489
665275
998687
832589
480927
511291
877429
663946
568307
584164
436979
267487
31878
313446
620773
317532
89174
960244
4478
402328
436811
675040
214113
279006
151913
700261
604643
111844
347509
924667
211959
39665
778876
438440
903961
4149
637541
83917
588231
200280
176505
449673
886669
348230
837962
520534
620854
536805
164954
690633
293826
720699
619183
31505
906589
757459
786368
905998
246052
264086
221195
149246
617811
457207
547478
468251
251764
449448
370539
460570
797509
447400
362531
25497
852079
834670
526987
620808
261805
655568
863601
933989
311664
19949
790128
137315
846380
702081
825316
180031
193016
887711
440537
795827
958426
684053
669193
845458
671735
65535
713738
96042
749879
955851
109030
509193
665266
441063
750375
78149
847789
33922
74990
105328
349704
827275
612253
786464
596747
768939
50040
455211
384925
277172
667643
374726
603567
725565
278145
169487
104461
364700
183681
637597
214723
650738
192129
455256
305047
348548
308673
467326
986636
270166
596968
639461
839811
764887
131962
855519
537307
990926
591538
178571
987462
581785
824973
295750
381189
596406
461919
616155
8431
71678
718816
2931
861141
646485
632055
962085
859808
587193
380721
862029
859484
886438
429534
998746
472055
901225
782212
416515
416814
646742
511079
327658
302334
236682
713729
261773
939716
829028
100031
12616
241759
544179
635015
471493
975166
19760
269972
153596
968362
638982
656916
775248
383477
386215
806136
136429
827123
974368
833982
51882
873529
228012
531727
573078
167162
321511
643651
715987
676247
233964
306111
18740
563629
401435
465577
78049
457373
990501
473875
336602
628772
843935
577455
480208
282105
582981
377677
465755
61803
846951
321546
192847
657311
982218
155087
500648
454964
856403
404777
251464
921086
369517
886028
77925
179069
425823
920479
814037
247403
654065
471257
155943
679175
656327
640648
104079
402324
911168
6903
838287
116108
703516
408573
121429
916485
162742
262934
550926
964585
288333
869160
670596
3392
77117
647230
215374
572879
820828
215962
622087
471111
468990
132777
45792
954600
385007
860497
102428
609148
314507
823706
294449
236345
352904
690955
52437
627194
365839
422578
190750
723420
297272
681588
63360
188519
550507
371752
398618
258071
416027
868749
409834
606493
767585
267351
453298
205215
302418
640507
766704
674097
500324
478470
908379
851164
732898
291952
167909
673453
317731
581409
660123
170121
98937
774794
866385
50637
866029
703325
934710
707370
778263
960723
135493
75962
431917
216711
724605
615172
881516
727521
118299
619402
278943
391621
393847
317405
228912
992481
219492
786251
52683
737544
521653
242924
647650
20111
790537
38567
776219
320196
289766
991921
850763
8851
997897
756357
733844
274434
313584
76518
798525
427398
627513
854307
247193
231307
449922
526967
898436
491625
595268
283159
157307
180882
74518
126638
289895
576003
38157
659804
750379
470256
632008
872398
304439
941863
810606
116494
516125
395286
415693
979205
584244
568279
430947
30864
899210
607825
243400
79541
306208
10134
537835
639844
59105
895311
462335
620864
53090
295577
266221
758349
18109
660597
152619
735346
626504
918012
515990
966553
580964
796206
602912
986158
597918
334871
324934
942785
872299
300493
797632
819927
992528
519343
420499
407294
586007
350207
537484
970530
422002
371372
222390
26014
574622
994123
831867
294303
174378
571900
69994
554902
621324
710164
623706
651120
368871
273047
600235
272589
719059
7472
243906
296088
275036
223483
507184
718577
284664
206640
253857
87116
994423
284407
999337
151899
340226
32630
41234
353033
201822
515960
379676
118018
639638
586781
26797
75510
249730
289411
662210
444925
354910
416854
974810
221577
176710
769652
934628
389989
862309
193805
346560
173544
803744
68807
658354
335
304595
777303
712172
78467
786177
312588
307997
711552
950544
807998
111258
417202
577939
116979
771499
373101
513528
77784
402726
226139
486384
136505
33504
612888
95269
221289
418643
336717
750255
94060
635182
340931
939782
291220
862792
930087
183052
65719
383540
30856
24492
962743
722898
501553
402949
688042
423188
688221
728101
266670
50232
824068
735393
893042
761728
236189
374246
971553
278566
788612
420657
417692
52212
883724
198252
829877
69334
135455
627011
716074
793916
639896
275246
718687
880939
729610
706581
725865
221776
28441
166720
700638
467678
513639
653378
384528
323628
590066
347088
288483
158551
135530
461638
969122
874090
972959
492837
491710
201474
447718
383404
273043
394732
454283
242974
665064
986666
944866
526619
509584
21603
651256
754157
374281
382764
734854
632871
712521
963633
46501
535906
62082
124951
274190
842269
112123
354627
75655
74265
690268
342857
820730
329733
95079
549358
891634
585782
750338
850866
355643
928246
891670
903421
763707
547393
944259
518001
299657
166710
890350
626249
997824
31794
785660
926085
175735
837476
936071
341353
211499
697667
680179
500810
846181
800378
718030
888356
719641
776106
847015
776379
93478
738942
190806
898720
165821
11336
463160
314807
944632
950309
600187
923631
529827
7431
968510
631246
405369
703687
955615
244909
930453
233667
917982
891010
890613
204170
267783
503357
819889
868131
400832
520105
533451
735405
956027
690223
953136
159787
85868
756913
78178
928918
585965
175560
670495
358779
673476
800279
933034
646299
396452
184663
602548
28094
605957
156617
426418
551902
430741
424382
298890
149038
809938
922286
318312
436538
758746
894326
983570
561586
703036
992589
409775
566728
160342
622358
254287
446049
416436
989254
572947
837748
662057
542035
321201
347801
875747
604440
241715
661456
821205
828846
984500
298430
424308
965620
233673
796965
615307
490477
803575
49236
2630
258768
638960
873245
485213
362610
395355
899483
383573
359918
190282
461860
676116
785735
858564
537402
288105
728643
486777
148835
926235
11122
403819
53504
169463
301557
44459
422134
947234
761907
744789
81421
409981
713362
365649
480512
187658
13622
721314
577411
312999
504665
177156
587757
490775
497292
590691
176150
759147
502888
707752
230793
773187
278763
911725
297309
939080
577013
839632
499481
377247
514268
394260
471123
708222
710162
385400
41011
991072
244899
339079
105723
156356
466861
314821
14192
601
723521
481130
491058
575895
86778
275860
918436
581698
398334
13494
432395
948408
342231
46620
316122
119400
672739
915765
846169
377555
834679
315626
640691
40467
461350
40568
778967
801277
253956
460668
442375
131852
155746
229591
228441
122244
914620
167197
241534
322804
327516
479409
59950
756470
487106
947344
129093
386533
745492
766229
501232
362632
283149
728618
23662
625234
697324
609931
695242
394285
749599
142921
704196
928723
719872
875051
470576
512739
452279
605863
168704
207385
686739
983124
148736
354954
420385
330035
770084
265831
414801
594654
801198
967760
662891
359558
288384
754897
752088
711026
138813
758199
729713
41369
864598
271179
459885
184
491784
182540
186527
209138
306269
131726
540337
125350
859354
268475
713783
952504
832070
392502
273972
722910
48956
179084
953901
808343
166078
523550
735061
647521
453216
127845
843836
787717
374663
990393
638054
700051
885580
107408
953850
875299
516898
312975
319026
782974
887218
417467
744051
150524
893334
90491
565946
67169
476593
683370
804220
754251
211617
400480
132363
844868
117430
880120
42770
41343
131534
44544
523649
146947
270380
979755
8043
192856
33389
304076
250189
832693
873867
886669
438813
832265
549075
130322
858786
80503
741250
241038
600714
373981
660764
331025
719242
599489
552062
619341
992715
219847
857549
135031
785174
1283
207027
375277
656796
85481
564057
474663
618928
622562
296698
592111
128238
276043
160551
571035
249592
434530
813557
818647
998685
492247
948424
440638
69128
407066
677084
825453
265948
917322
758680
149068
325995
856486
611993
81195
400957
495389
810271
845311
287941
394167
216871
692561
274033
559177
185423
376850
626040
84095
81457
312979
91847
357127
877542
158050
397449
881429
643933
825614
918582
229091
898692
266088
768039
257849
176592
887362
626380
371866
744908
581318
258375
46219
745841
634243
776514
728553
823255
660226
761768
464748
435162
248871
892431
759121
686657
221674
84821
259797
430840
537867
437997
371574
584605
617949
818507
443167
97335
221676
70903
400745
252117
693289
89216
794620
383113
743551
391054
707499
904654
15893
989038
10179
590844
740134
246622
768141
911535
26740
802595
892304
85809
361407
296155
656953
816265
301364
950665
830317
75967
72763
105481
997741
513906
786110
89290
481230
631911
515033
888874
637478
279064
318717
781977
865978
769807
122373
459131
237219
808799
846900
131600
89909
552904
474420
894914
502498
827274
317292
639457
473003
354509
290592
884540
484002
968136
80192
650518
770017
455652
5539
62736
138079
756883
543954
112420
681963
442393
280932
507383
762727
439202
526278
536449
258647
243510
280107
180260
956133
861039
900626
550097
270815
183899
266700
258157
566876
632271
59757
261485
123012
904320
639596
962248
77739
346799
3116
275602
306411
164067
115330
312158
205970
292844
99564
371298
112678
41888
92600
331014
91257
145531
166506
585076
210035
894081
364205
878962
293653
123520
516869
358511
73531
862924
65983
444987
902430
341774
812833
378215
12316
988124
632195
948893
644444
908727
188503
581370
739608
350622
555877
821750
541583
826829
872218
987011
430946
730308
818978
292357
525794
847587
102349
516562
562569
258157
196344
594889
731921
301386
898202
334678
997919
994708
249748
93999
975055
268236
726678
605811
807409
33711
849720
409963
1320
259669
630136
131219
533786
908343
853826
911364
189319
29468
144248
972818
115102
50284
90647
463929
486149
304451
708807
787390
767606
5341
929061
323422
195505
991594
661930
231440
228939
527674
525519
735237
777009
278395
97968
64358
141951
528214
358893
952293
891725
676388
727428
208805
608958
233753
164028
137879
273352
931350
545846
441209
108036
536098
732962
37569
583908
739394
794605
339313
694465
675388
124630
681768
985111
228732
319049
975330
679365
403144
762257
561593
342423
224672
197235
79324
361191
105991
523975
409633
937677
915294
167193
569209
94142
136054
797392
361529
487566
212903
460129
917443
426894
77320
480005
413779
306617
466718
743283
692635
602119
579887
5963
12219
792528
94125
216808
769040
392315
639832
265065
936061
685158
903902
833248
101145
720362
516606
718167
938671
900876
484211
438970
69307
806252
603801
475015
218523
545827
613041
192161
266596
769199
101696
492810
736200
604279
405895
889779
600296
395763
434871
494029
874726
743955
343183
633724
50351
613922
850004
293616
94
130484
412929
825319
592913
967125
681847
679209
522780
965931
24029
740514
842845
911025
627690
376332
890374
670480
844523
336169
197921
303438
511500
252724
681238
912017
178297
528997
891847
220446
887563
743634
848867
276286
898320
917327
207202
362287
133894
174664
901210
831382
941731
1049
311119
882516
519627
509986
456582
751100
350109
544096
972421
582775
558701
834332
914433
368444
539597
277033
312015
996710
161365
570613
390133
277276
111014
409717
73049
452604
211082
237683
245859
247073
196025
115845
156588
330653
340531
280580
357197
227970
189616
815387
428792
654519
793294
234498
675665
6588
283666
568167
872359
689310
165574
730991
23562
170033
189738
587345
132235
746210
839553
106378
421162
779661
953158
973725
661082
84204
365412
797222
215359
177767
990892
291385
349510
556912
951908
973902
418355
832590
506826
196827
604657
830714
521400
294249
267626
302138
428236
377205
216218
703051
191711
197482
857477
850532
249711
637979
622483
4156
612920
459278
315610
415220
794680
983063
568687
636827
998837
273469
654855
675621
516159
17385
830506
56802
197093
576492
154175
711189
836771
953493
859970
682188
760880
527752
872705
76492
21525
438805
21244
97580
361934
108554
824334
808249
189818
876411
126377
520495
253013
359605
393691
538468
140702
486630
198330
445341
119728
438788
359578
176053
296043
691944
583098
820316
695221
155623
917054
58254
398370
873310
487151
938870
694395
965850
497955
598116
990822
850991
706307
258771
185978
658283
988884
354657
860338
550837
208919
457666
381515
78071
533270
159111
318811
289726
465054
386710
814700
103535
358352
529996
730580
790923
774413
915553
987456
984968
294085
771866
898998
779114
184531
97939
458462
142963
180815
27062
940128
125968
29093
97860
418130
114676
772391
980383
920052
233789
770037
736718
799792
983461
768751
188648
899580
527165
590607
695364
591148
211031
588839
188938
876736
224692
383332
610722
39322
482689
727299
384182
930031
793180
928609
873380
589224
648675
325921
546698
466975
621760
329241
71057
784457
257007
933137
46499
127990
177065
684227
203182
49312
386751
471338
363166
431752
495319
136542
898137
75136
185713
279729
727440
643413
64776
909358
32571
130569
257749
884866
464093
68315
643370
56339
709560
937595
455031
393933
557482
457974
608183
441628
630537
186077
318273
381749
109954
731834
539696
213540
126802
969767
340546
894417
549119
487024
989189
680711
974335
162017
580141
283028
955575
861082
225218
831130
755073
915634
967448
647705
181879
179507
620606
240490
637368
598513
74069
368400
912684
404907
861222
606926
983560
157061
891257
989857
399892
593622
721456
882199
309193
917039
236074
703901
339973
438950
65101
463312
775179
776145
800126
22699
104401
402366
35197
589292
393842
282806
986310
803466
219258
579694
906430
850647
954721
793928
391647
330397
962871
578898
831688
573505
64895
20765
416292
576912
483577
788947
809809
34594
339919
430881
952533
901193
911969
971121
509389
332864
428641
97765
427503
825185
743921
347066
535933
600815
316391
190952
95366
510112
499547
538490
632094
99271
661421
563700
118782
394835
978907
446171
115389
995145
287385
294549
18325
403098
897947
627796
389667
491981
129452
546651
793650
334079
262379
980866
978975
488611
691655
213964
342363
992807
579043
207343
533501
686734
501429
954020
396797
722323
530210
180452
477633
440084
230358
746451
269765
706276
32777
983177
941493
295410
768877
260764
166677
412591
606686
892859
595815
489720
45566
803514
882758
515600
757568
541181
106974
330807
148041
2350
726833
148047
189628
774726
409015
850048
657160
56662
908392
583202
370194
576965
410399
97410
378079
660319
798722
835543
395306
304399
204209
186045
806954
811763
969634
594177
599573
399782
319391
755980
358096
965137
238089
36637
78012
29773
553209
488090
572236
400695
21083
69396
716097
927870
766045
146570
587811
903254
409565
329885
406789
352547
229977
120603
449372
55585
873407
606716
288048
894526
418794
688125
311551
131983
873249
843266
608803
47826
258952
436222
143185
725743
255591
865044
439561
615346
275040
755853
792365
425647
245279
565394
383074
60706
772750
216486
657403
753609
992106
768819
916147
750095
792585
78505
875324
881737
464019
274186
407534
613396
870710
249453
407129
246181
629372
591238
688014
697497
173142
462549
934089
983965
450372
216004
934032
146817
821645
771561
780271
134402
195663
561566
377166
611308
880336
985993
498084
511836
373151
145125
3905
689520
171202
955473
863297
782550
278295
274917
907285
902604
298838
709740
828819
911024
670389
885558
112768
27171
727550
438630
511499
999158
598160
607683
37325
756290
528218
36593
756187
940086
912256
762053
542352
524369
516093
434660
909137
551706
478694
547632
286463
735032
74735
987339
117124
710670
661855
606872
737522
26389
552208
163172
291346
560159
476668
280412
492449
970200
268173
470002
63151
407251
493029
384338
9646
48820
882439
245237
613498
524681
274972
849641
202059
83083
929237
23803
470169
430842
628078
943321
485068
394667
378985
381302
886039
142265
181683
115487
390918
442852
712042
907792
617828
78829
697321
763710
308996
299927
897342
684023
35532
753102
759283
358124
257431
303744
142801
175245
464244
120462
814754
265778
503523
971307
823642
599125
762610
214446
959827
501877
222272
773911
936744
558918
51397
81795
964227
300052
182532
462823
444903
128775
34358
160496
19871
462752
737521
887403
704180
461331
972733
757050
502443
411299
882027
188079
435526
605362
928137
367362
437174
850721
90677
666783
986584
715032
652096
391436
323160
720816
723777
526266
699091
211536
899871
378344
806425
538560
562861
1042
334293
779389
926898
219022
738972
491856
124241
972970
387880
795817
484664
253854
355440
753122
857093
371720
58136
414378
954553
387790
37391
427050
749436
744950
305584
646960
118851
410005
872902
596023
428702
819173
97262
477671
248646
522268
92398
801225
992290
138848
529862
98122
756878
306242
442118
515130
403560
171033
439049
788378
942572
343246
601885
8364
509120
379130
220594
187914
882224
265141
631015
750988
597242
26898
15912
419418
921688
567164
273330
378151
694362
430822
78001
736150
653901
321460
745921
624246
329784
560996
2020
727126
488752
582022
725575
407870
366313
791626
208884
664496
916285
677842
675085
242830
495340
499934
766815
117084
356190
109317
160799
152842
595141
404957
623546
240348
280969
585281
420079
410643
371244
638855
438275
349122
824045
948090
464536
588707
130926
727888
912130
539151
675884
596471
925945
956566
939979
185386
154469
991164
869988
751421
254858
279307
501692
225339
96994
336966
841331
907839
733902
586710
149358
110248
533751
610797
695554
118919
556911
439819
267213
692392
872059
732743
743873
10407
537928
14894
794560
21343
601483
338300
525548
198115
659970
531426
133427
246226
167481
31131
993417
156326
526720
321215
881857
121009
536228
931297
462039
148175
598380
334410
705271
554535
693558
899719
609519
992170
882212
711626
46313
181025
709045
197075
242082
364033
437687
259700
931344
837931
936912
802058
967617
118228
832987
113942
736752
918798
94868
825900
12849
229497
667412
704034
394139
569058
157354
726407
558715
527863
470310
995620
352784
510432
968580
74705
921042
552068
453319
638132
528051
747081
144202
412399
87115
306139
411306
501338
336068
271126
901017
859918
640480
756491
137230
823236
874714
709538
899727
319168
474014
651666
983212
995326
699320
856197
323998
732929
275211
873126
27395
298820
421164
960557
199493
266829
741574
801877
505049
473401
941675
715651
36902
436142
650679
345666
804082
784901
548026
275687
659913
25072
878062
303001
489289
430190
261180
924016
853765
307404
910992
460857
83743
841409
886892
30244
40823
167906
762034
970985
470060
161900
725644
615675
391052
147989
161262
579102
454641
848960
403554
416129
816369
394117
776002
158421
619990
694291
569590
11238
944513
911881
844708
773713
901634
594062
648831
391662
935937
61139
875644
116850
349622
457894
719605
602390
593466
260068
522522
596160
663018
677360
439693
842458
91602
466832
4961
50892
487264
11990
705115
876666
196326
301030
527404
455076
142009
2404
536539
642344
985310
714333
726409
814497
767704
190287
888980
418660
655702
418606
295565
621006
75370
643298
17863
517640
128079
859323
42687
295060
97109
161562
759287
386179
224420
956247
297285
798068
526017
719325
718599
607323
591441
842224
953884
935120
759725
178214
177329
566288
508356
806103
70430
686860
66924
406538
441114
288084
160323
936554
759869
808129
920175
892848
462718
179791
348239
127603
967290
159629
293110
151143
778132
173091
631850
363445
29211
432793
198132
852932
775377
229866
365587
444293
234065
327914
66648
133620
944032
458247
751915
314012
591929
361470
235292
973789
797700
795196
721514
71495
161785
60122
440619
942102
375247
290120
230593
65653
262623
965021
53186
569194
636952
12653
74131
599903
66654
816901
497756
606343
560406
496264
492243
319821
812778
343650
981218
223706
937293
879860
7926
339403
281560
881696
780981
233149
964154
567057
874695
175784
234311
18375
951918
389205
897967
440970
128702
915032
213994
694934
499391
517947
738393
256000
191846
628084
172010
137955
974369
694630
230728
699810
417976
447985
399984
281687
338932
476108
757169
106994
71257
237348
127043
262031
617940
586407
186655
960964
428433
668610
809226
330039
234535
955432
370390
960170
416049
736979
825695
193424
643375
522087
848082
275288
870478
606155
121061
759493
773457
44986
457566
217526
116782
313403
331108
765545
806913
902880
282136
400808
108233
568248
700098
645028
716120
281054
310849
391355
473053
810815
224729
138934
739657
572217
237204
660702
325585
336475
743122
349414
242882
973969
549885
869389
363876
227396
433320
230685
161144
320103
748310
177129
551070
694083
314831
149103
309019
188528
607740
344153
132788
669770
320065
278081
19108
741085
805802
797739
809156
902353
750192
897303
532903
653911
606684
222566
660593
603170
369499
700902
405766
687293
467932
227308
253801
41259
955103
767961
523785
859162
182428
296459
727018
961332
75401
956753
382535
478603
931927
69949
617619
286229
72953
650260
561005
599848
43229
309916
775416
514949
117770
527397
510106
2094
235760
110910
998784
660445
995710
830943
822259
906734
122073
516095
259153
113965
563698
647747
815068
796917
495162
875045
547784
780111
608323
932705
176684
300875
798962
706775
844361
542155
464694
170862
952711
142741
430839
143678
753656
506643
685154
149679
302284
212846
884718
24880
935018
356410
974699
137494
82124
635742
338796
521774
176860
66661
842584
789093
624527
79140
121339
500565
734499
682273
45160
567152
92231
993787
81309
145477
653006
374614
432172
363190
43060
869923
273469
554422
261010
319971
696871
237248
477175
497480
17156
954891
722840
640297
356726
818599
402728
821817
837652
783408
406821
368336
11458
353362
975602
720681
570336
715753
556881
381190
768778
194299
908198
176101
252107
183916
746994
704597
294934
534219
830616
326311
392000
981491
612366
193867
256517
989587
778594
476752
276008
375344
139992
287419
947711
915680
662146
268503
151805
442418
42670
859796
394410
643861
28774
136837
944640
739953
59540
29274
32285
433480
721736
428905
809148
435062
616330
76019
422315
12180
377769
510584
212084
28380
984483
494055
424140
719071
605161
65856
180867
927680
640221
421589
886997
782969
557820
524436
816237
590938
739836
889660
143612
742178
950512
601180
545360
670685
779008
905195
862931
587569
405585
371253
131637
69868
873751
547598
719329
841630
86157
55033
427064
489748
129229
22804
353458
918240
694419
284223
811493
811900
431089
982546
164738
241725
320258
849818
47378
287258
102224
843564
556168
289084
812393
218250
221776
307091
796329
140529
735362
443839
917335
881617
286788
6819
838381
90218
150201
739966
890262
426989
499376
