429429
634643
970915
714401
699577
498078
874963
23824
347558
669077
517444
977807
412526
874910
692714
951563
483460
811390
531912
350350
446199
481017
529947
607503
186451
952105
523576
899913
702273
271808
883396
428685
927126
889389
731663
846380
96331
258064
493788
447944
540809
788080
629968
291462
777259
371156
703583
510886
682935
210820
605704
349903
327777
457968
692200
31020
324633
944641
769104
22313
431537
864428
330867
77230
567578
339260
741455
208333
847585
28869
575615
976552
179525
262769
101153
777289
465124
825789
688226
938576
271838
828162
769787
210375
676571
460649
999602
741927
887863
551583
117299
807664
503128
274181
276943
90254
777101
531027
503044
681193
313448
389156
380976
129538
721348
218649
268643
2226
855363
741792
465552
881021
752503
329481
242798
562241
709014
474443
754500
767982
394890
999331
146356
855268
618355
638526
238517
501893
395519
733774
698828
236230
805479
538835
884388
802010
738141
840171
942947
659312
84692
619768
527381
167883
263667
555583
384226
933256
564902
494191
866189
491944
954923
513609
226634
356838
468508
321256
308803
494038
571999
392392
669413
857301
412664
259824
24174
558957
108546
616426
673805
649408
2372
436221
641307
569876
478578
715866
208940
640198
726941
590214
174875
669104
511400
224139
918743
365422
635407
214831
449040
217704
896165
980590
812011
394148
287012
810076
470555
830593
426037
474924
753976
435299
608811
213474
204010
677566
688416
722216
163623
835953
810231
862419
471895
493021
423090
740599
273928
322836
50221
20506
882575
716609
266523
427895
969774
552002
138151
657762
209998
588555
74420
361297
962214
633905
116214
744734
977916
719430
644239
182130
935153
207789
625008
968712
935370
990048
909920
358364
207169
78824
154729
413024
743536
676570
132114
694900
634453
596602
479194
328452
187961
973271
91704
699558
872852
651563
726535
653595
908274
329938
465476
574250
610859
834409
736933
959720
629375
811156
752017
996043
999079
639476
458734
970889
669508
340324
630314
235857
24924
830038
392243
427284
633588
756220
175456
807
989683
4282
641487
494016
623389
933572
676330
157295
64410
420525
978436
337376
449927
166376
770593
125770
826851
223973
522913
619775
586107
371129
520479
865946
760150
846069
508985
501111
519030
68840
185292
427207
311601
551848
975796
238896
8257
243571
362372
175027
742620
261898
769869
905265
606512
716368
454122
782831
57198
805455
921211
928248
654913
307279
72150
238674
23032
577342
685592
391721
718401
656240
921407
416211
119107
654801
779281
413308
622763
344702
511728
811050
417203
757552
82153
657002
952269
984690
298858
312926
504364
555
283934
80716
251741
727270
624727
342789
582002
629964
407416
544083
20218
695789
730728
297168
776972
649994
323581
448503
862936
658727
771605
886850
127137
11739
693375
646587
941096
141346
262094
804571
561710
304052
11342
801637
516655
733619
192595
296358
50551
701159
676727
644007
656202
855055
682046
994940
282320
821985
192953
385628
990899
621573
132768
803230
641518
68455
705540
697800
934772
304819
13095
802054
374696
666182
801683
982782
714448
470497
135005
560723
837714
960625
686719
473321
953884
99844
266646
934263
121274
43074
694177
235840
38495
362631
175340
674573
521999
928307
979899
50809
498983
209019
166005
709477
442930
83581
656795
604648
218301
93479
835196
761104
742913
783091
709453
236686
832348
734958
932708
657809
404779
403234
3793
292400
447535
201475
318288
595093
368263
145215
452132
734693
195767
516553
44379
672846
308090
607005
152445
768973
724558
4314
869989
603734
596144
196295
368955
793981
675320
981633
526644
785285
295241
165369
694813
905281
946011
639416
857027
7091
525057
492054
675844
278003
754258
166816
259161
983154
385615
911087
807805
349561
142117
91129
192568
105361
274976
871193
674551
548991
502897
638437
470321
58395
699688
619415
411197
716956
578907
122318
209499
901518
880153
490761
610247
477948
761118
925199
490780
161164
598506
257497
851264
577365
167529
449648
356024
535905
324688
245053
57303
463573
40005
419539
234943
249788
275565
218665
740869
542596
722640
497577
987233
209459
54143
459185
706797
572139
877115
103983
461784
58099
513848
364083
700472
141629
818673
94221
40047
530740
943523
756589
57032
657085
645623
408230
196693
873270
615452
474465
584341
613992
658358
912081
785409
693843
938447
166462
21868
384380
483035
190085
829890
284146
520047
374481
290324
10414
446911
24071
310750
314322
231359
783476
436507
65941
733882
721024
723045
455451
290581
895288
746654
4394
731409
251174
864510
889537
746696
157533
903121
675598
902567
269073
342254
374703
787687
819664
380844
278541
608705
760544
37911
452327
815542
6632
390919
113146
92253
625924
548856
436816
235806
385772
385981
214753
466622
25728
153086
281381
228716
228905
100791
120684
140208
637224
312507
467167
118584
131066
107988
971501
790549
903021
30118
361578
153538
622544
379488
604713
118056
605567
555153
156888
712012
729168
970822
186283
29432
785124
186613
692187
673807
656858
651377
784233
354890
413551
845467
419896
353000
834050
475010
686904
957806
665872
378389
348537
554667
489411
429822
743870
828321
769161
858614
540344
623314
76419
958559
755858
240154
85748
253843
172735
797082
298929
474960
13962
170104
248328
997195
821041
433863
617141
123660
847663
257968
493150
314800
791252
455000
372909
282641
503592
270842
188484
158328
831188
917134
116470
410303
485423
236732
694556
498601
854615
324735
145735
34969
674563
177790
486399
887281
530198
450091
197932
545835
276053
824020
354863
245928
420655
839546
524097
57742
176401
630532
96657
976702
485382
631938
355136
876840
323962
130936
153761
722603
339664
591750
981641
646536
172264
445260
3699
649071
984104
288804
709981
236930
667601
413046
16498
693205
566227
790787
872188
28982
55995
647522
485131
212608
804367
439489
549127
929491
557081
314504
410831
632666
620654
235625
917939
382549
607649
940142
987617
258337
140553
409976
328128
616258
941058
253659
983020
786726
456688
371722
17844
729294
653924
186892
594322
37563
425515
403695
898741
918663
568984
465308
545386
193783
460625
545343
505583
559428
660382
867272
878574
809374
872819
400382
132303
63542
471032
931712
131427
325920
857331
193455
297632
507432
792773
595858
934026
212325
495195
591958
343764
910584
84786
761902
169689
930988
424969
587714
942080
391871
590732
921247
859204
492473
481884
80754
766120
942978
503588
675821
550443
626629
488191
650125
608313
472256
128580
870497
208209
89368
166532
828527
376366
64185
4184
967160
335143
339530
713735
717416
980531
985328
741487
678435
763229
898574
687508
798034
134369
10958
409202
210476
150388
611745
955237
670511
387558
204593
255
24775
905162
842087
270976
3622
200275
677905
226284
183350
142590
125319
808586
631304
35661
837298
346164
339913
351225
10743
631181
535378
610832
758988
974826
928807
106740
494478
807986
631618
922253
593537
293703
683711
225777
976984
434433
616557
568327
680932
333514
488008
759047
386316
855914
757084
85838
84746
646460
752779
39167
491188
77805
479133
959469
817801
491798
246972
557335
757048
555944
164197
767618
968254
845290
348056
188880
284433
647360
270929
138629
915040
521245
505922
957274
360442
909359
287151
227610
994746
219368
692808
82573
279950
514225
38253
801990
533572
857769
907890
200391
886898
737182
847269
648312
560343
604112
624440
14816
940410
833727
539321
88875
416796
69498
195919
149168
800721
938962
611956
883119
504565
695792
235719
791144
976306
556231
265446
628754
237919
51127
808867
805979
625258
209252
831089
308392
944462
597350
335334
846734
749353
542767
265527
385415
451693
493756
83948
213885
714394
277791
421450
154827
882529
768571
316717
168282
968198
414998
96987
243928
878881
465271
32589
802211
499677
966047
370462
473133
5982
655317
76881
592936
968632
124902
446893
265052
224332
673533
454954
457627
748618
290155
717640
645066
649709
29619
655144
896770
407418
147025
789627
810097
438405
155166
219527
296545
352408
797369
206931
621129
838755
76822
6233
865386
82196
920925
42244
818011
874667
956915
738118
639592
43983
633184
181687
140635
956658
826816
253603
308985
658027
714030
151808
997789
180293
147648
308284
469447
967985
165300
653238
514601
195854
685365
880285
83991
205326
388661
301721
786417
506379
583570
645171
7073
345915
320291
307992
314112
121825
124248
151337
269443
135825
235650
684147
475186
831654
825173
218802
226537
930407
625570
33070
110042
105833
618424
15436
48268
616119
245768
19331
139240
529965
86754
301410
906903
622091
522500
118018
40753
291892
195564
266121
244617
312083
474646
885595
386879
95804
733993
820261
374915
911073
88145
210841
99853
211299
64620
755908
982535
454697
240246
595675
124666
789156
402105
591535
439293
146002
395475
870920
23772
574840
113492
636544
322325
104626
895106
914766
109287
535422
922139
235052
211142
113083
620989
326168
589818
708376
654432
758158
742718
847222
301385
565166
751028
570206
384929
389047
523085
127584
668303
317885
814421
908925
958979
143539
955798
974376
652951
410312
266922
279033
250555
824349
426808
369721
106589
558160
439148
221163
984774
220662
385976
682303
300403
788268
665837
873620
480722
733160
564884
291069
79723
40473
311257
156582
825952
368628
633919
233821
915308
546302
566279
126798
336067
15251
342978
769341
496371
214052
476795
520156
945161
329409
31441
290929
432433
993632
297876
756964
21390
652143
334472
272772
928788
684167
464101
342846
985803
203493
289404
824934
798305
759093
854808
281078
818897
759121
837207
225753
866709
128521
420252
287455
414294
102684
575333
306771
858420
310579
850021
214561
624232
983698
494690
187676
897690
249454
32962
179844
451101
609878
640469
300493
828483
868171
916962
781080
857470
998376
250368
853795
247337
421101
89185
180453
913206
432536
693098
859320
277425
302578
111179
474006
37790
744434
533084
370234
826497
512879
679422
204829
480521
1255
575565
962006
288618
88437
135230
119295
914870
160915
366167
194762
859875
337086
67747
453247
502596
210312
184100
751397
338265
254716
742679
252025
972458
358441
821122
568607
481618
592908
958985
797276
248446
674951
891023
662338
482658
460287
97250
417911
564535
648120
693817
987607
385562
480919
957216
704930
276262
608700
742004
590970
273351
470223
971927
336251
69498
19936
793337
19177
227002
155448
415981
490886
164763
354385
760702
973544
827951
565597
867573
826258
340151
62197
824037
265233
983018
854583
364043
506462
110581
263309
299852
620161
501586
470272
4992
505770
134793
635479
115214
580745
623520
673473
973212
423486
647485
887335
779799
919731
155419
770276
529418
714731
409898
505451
971171
395792
628745
929569
320680
501912
359231
869098
487911
95847
620587
551849
855241
846314
529415
176466
83861
250948
96845
216230
686214
621543
301000
54483
914490
792022
165618
815602
856246
54791
496967
875806
62607
47231
676626
590655
192712
217846
930146
725551
68144
638739
301195
279604
942163
687425
166512
155138
725115
845386
664111
885035
511452
996642
84872
164846
538675
736468
564657
167887
933099
298781
672971
339200
278296
791037
582848
653326
891643
477152
397081
787655
386423
843140
75854
887509
891518
596285
437813
980783
559301
99188
342416
990766
210106
49429
292888
894852
770298
639021
379407
758335
254890
753551
301340
58420
36574
396745
447975
792887
895154
38232
170742
954498
253000
988002
129127
409988
468109
219429
436114
884536
308961
31321
238709
297449
903775
640924
332814
913105
488367
111253
722587
448166
943308
518377
172298
917511
943511
866212
341490
33318
856858
755096
284096
945927
317821
306583
590706
743316
136557
413502
307617
166661
16445
376634
648569
514013
684565
526102
740464
516993
339540
914403
754519
263840
150551
137645
295127
585528
5200
727228
853651
548727
885488
867118
817096
723457
383405
545619
372648
397173
874075
377983
706926
940388
378587
484805
37089
937682
483421
808759
663369
604148
431098
947658
105176
214687
4716
791352
145637
90738
168864
863173
644191
403103
267916
466072
520975
116942
668519
217455
520037
806728
984291
574791
23508
148285
464157
35447
220392
807066
667163
434393
203732
721553
606494
379598
50530
239568
833274
175078
799262
966943
564107
147325
599915
476503
445475
284395
776992
538158
435679
749718
415060
872666
760135
487478
744215
788778
972821
898205
600185
345063
958534
110599
245069
312797
770298
673977
793840
188533
81889
348798
422227
469470
388406
614111
491892
400594
697978
26441
30042
123983
121831
87363
627869
408262
745547
361515
400284
77500
793030
768032
214026
836521
969212
99164
383367
930085
316629
458970
651382
476830
938196
58053
985845
189132
17789
700604
495739
845800
358028
707301
396670
555650
329613
459586
664105
943195
31953
226526
14609
41467
739588
327115
486062
112009
18511
24175
958781
302797
553147
465968
266213
530284
225392
393505
187084
774215
947118
735211
65463
168065
846033
337184
823804
383713
819049
994232
588104
246044
117288
377420
993803
61993
55786
979071
65680
373528
597600
62131
944117
544114
430693
56978
549515
454113
678804
154512
139094
115068
686641
910228
636062
370598
815640
403302
521733
318399
455238
325393
365000
216093
509853
565525
706838
464308
672238
829697
454336
393019
539654
962933
286840
997304
494338
330731
853306
461422
439990
713186
63245
277826
719059
138472
31109
22380
53211
619527
251972
285132
172351
9656
185678
161057
836993
781853
662852
714188
774786
492159
275744
27814
638798
192492
406317
605850
355214
525952
748560
778230
538939
290344
245517
622486
582410
114262
380987
180736
877251
281456
404707
565083
846626
799618
817190
680197
670791
55013
869263
810440
109898
89856
638990
527565
13876
21517
792003
133862
852782
836715
225817
387891
101216
359053
521886
821732
148997
61724
952102
446431
344519
129965
304570
388662
937757
877078
304826
598408
437010
882601
870669
232515
519002
576044
417463
81060
165913
161883
657671
220149
388008
71388
715308
218473
449129
238756
104169
494674
209419
244654
440524
199534
229374
160780
869710
803340
745932
331079
675527
868378
750410
878834
180107
811145
846006
531069
28841
850040
747420
475449
920325
116469
970237
713391
166744
145942
610516
495930
843766
818518
518060
286460
915013
971587
808540
624958
792236
89097
221994
196772
975032
413423
128614
864623
209777
79732
285518
818686
791821
739614
539818
889157
243656
837596
531792
525804
293106
366471
770766
720057
370615
431587
183076
25959
33975
269231
643061
190375
215680
249299
679660
794999
651112
808589
681911
461328
239832
798644
567449
52396
699895
921692
427296
546688
52972
131817
945563
986168
381758
666140
178547
661687
148072
402504
691276
471709
398245
583130
174454
220606
314024
46052
236393
128107
968867
305853
367009
605193
246803
806297
133494
850614
420494
267583
759636
780175
110245
358752
263366
694380
31329
897177
259343
516352
702437
354892
510444
915205
381398
485046
24388
875643
300132
536472
627469
802214
778999
249137
21686
152931
291553
189504
917363
194505
644045
581356
506758
582727
801043
62094
175404
461938
745137
442525
285575
909995
243510
386780
317492
432935
318212
687858
637470
980996
71713
292453
743661
716761
195041
289626
173549
962609
530269
669827
833777
229813
974780
149327
814212
140188
338831
890555
128631
647601
81723
519231
931864
433261
932997
405413
878449
851125
711046
678844
709181
348939
105989
362819
89403
928189
475587
769274
851279
292800
689052
406002
972228
612264
101796
665043
141486
854637
608549
344733
950329
308912
777870
90971
49368
190993
478208
647999
976473
745700
494522
961195
977008
409952
559226
117349
835180
247349
523938
789602
168493
276162
312474
681511
749123
593886
744566
83783
87990
975641
230163
333505
451820
539715
540595
634193
631251
415089
447874
985047
194479
652676
407990
39064
138463
112556
159357
966121
781504
688388
660031
327750
52032
774919
179316
120400
305027
935597
211642
683114
755386
381813
374389
169971
74556
103211
206872
750748
426944
400621
594944
878401
233937
888337
219396
453496
994257
988358
249631
338633
982904
249755
826405
755387
762840
409109
295071
649261
469359
455096
224970
322252
188209
505638
920919
731840
87867
266696
231936
983876
953584
321725
727147
818204
370483
970028
627747
408738
412840
898120
315918
879896
349343
227308
419587
78321
328805
108674
481620
457350
532034
800698
133090
170469
734570
331899
632125
714631
931396
456820
588541
20306
621919
541152
394365
477657
555347
503204
625760
220438
241984
827059
229313
941528
94331
618465
927717
895968
86243
34770
674827
202252
644986
164679
590615
535416
86092
29897
539550
115836
809413
478520
994
164137
293222
255752
88728
744518
380758
239532
719702
685459
512241
895057
140040
587266
797044
791540
294065
951613
353346
533299
221318
587158
942495
537463
144027
75527
139522
293900
26745
908851
113725
875734
507602
899191
327867
919334
868035
40923
86171
759058
114810
891200
516289
876488
915998
428128
740481
95100
826772
88496
619050
591967
625292
843347
226767
282514
790371
588139
74962
549225
123672
228946
568330
991753
924911
830274
681998
280577
411506
625746
327220
436949
174980
59470
553259
493733
206416
935174
431649
187973
415759
573042
812905
376333
294144
7947
553411
594822
770435
370798
201113
443707
939798
334749
168650
156748
830358
319943
364795
802032
759239
825184
858505
881407
94859
132298
406363
120574
210044
956427
601570
292336
139848
245030
275404
722016
760628
825732
625409
199317
814200
309962
557255
459444
874877
880240
907753
198674
315020
332960
831601
644497
948474
298885
460324
858701
418020
679316
377079
151499
522710
875492
555010
810796
886548
838174
206113
580385
542756
517729
209919
524481
88005
580303
419909
759241
592199
393203
404553
512076
93177
443534
715813
912267
422851
732863
300915
592773
874040
69449
121705
708880
527852
943490
984060
791483
261823
227370
913244
81625
221339
412018
438380
765542
229344
961630
235402
525863
611065
441995
113210
628544
528142
942524
709176
438677
739247
936440
228470
309802
971744
263187
124967
514207
167944
224804
247626
930042
159193
876137
976540
483483
293278
913554
159314
585537
459246
232857
229749
707993
413059
801195
618587
808611
606690
402037
395141
996751
432808
502344
804425
238337
764908
79645
392578
556962
706159
312431
645339
172365
191669
692941
194268
276682
470533
661960
531913
867604
493751
926963
778876
907710
592983
789396
24836
670439
773667
15323
643813
734833
20263
265833
213661
713338
808253
467025
754878
368767
679846
299850
675287
153651
416815
13108
326481
856844
103879
837483
596900
789836
985305
99309
708293
693975
865863
735942
478732
855047
259471
612045
877090
428590
714405
19496
806970
434010
462395
495673
529545
973174
157352
442226
745893
936601
959265
789365
614615
634051
525476
334617
887144
384068
135777
557621
430321
870711
439558
408534
535695
710079
2154
897688
171062
851138
715672
996916
477933
426705
563639
515789
462106
58240
852139
273796
795840
563531
43878
748485
19953
449616
658197
680665
741787
564737
636538
654121
513754
579153
11280
995993
900520
211810
268628
647785
724478
119846
135037
400848
447779
26615
132668
906593
350783
508124
244192
305593
98179
773962
549493
83379
391357
712098
248887
142880
137792
352728
441354
443843
132559
549251
170531
728178
776704
201506
841502
244400
740069
296176
470151
620238
949760
353548
906076
370347
181296
940247
789245
592951
241444
725333
815256
707737
734431
979171
444287
70394
309646
943647
474636
467792
981043
590174
151642
645112
304666
124681
830001
102664
659180
107202
549387
673934
808237
479174
661704
163852
973614
91039
263458
794430
205512
172982
404238
720093
36173
858531
930988
264261
646813
176028
813381
567580
697635
592093
254820
988530
897849
273417
83472
597585
167709
865826
395674
964651
585623
201818
835261
799633
602360
813096
900469
144102
90380
272720
782924
643607
825807
262442
166133
647383
221350
110819
613867
572696
549322
532229
750120
221878
538567
174449
212769
165404
596820
138096
51555
275584
884814
468870
585378
650617
769965
29987
771210
273494
262516
394784
98161
359462
974150
58011
436819
822120
144743
538634
286360
417578
66848
188027
147203
180411
887415
447782
307117
76808
181184
741172
853270
758059
513356
485339
176955
511319
717306
205290
457136
681361
390477
200801
363042
52812
795297
679887
166415
368532
624178
819916
3254
385277
963967
120150
297692
375426
511190
610295
405517
532763
888550
652146
634927
486460
720490
359633
198271
347249
640292
591382
693917
223660
275907
39559
742737
235946
587541
537415
541049
151577
529139
700981
295842
776556
331761
290873
374223
942009
267454
525328
220456
734459
941321
957185
710433
795026
307101
219722
503613
362220
532886
542878
276321
266885
933672
386971
232785
74510
702973
372747
667883
584689
96811
757621
437435
20447
520989
918694
940413
29370
195280
880441
488706
785367
69605
174891
314630
538225
791551
948938
540674
83115
267787
992186
686422
808934
931171
561400
337879
19669
446936
448704
609807
943069
262718
612601
288068
415915
81870
904485
342468
26746
392573
910390
741591
58667
420527
662860
905991
453867
677463
457637
687294
116559
941411
602670
563005
498597
823516
572401
706899
28112
534315
592942
127186
384827
559718
170149
557177
925521
956911
766074
774154
697739
329520
667676
659871
107985
212154
578700
643255
925277
92409
949363
202346
260077
960754
598436
240215
66716
839182
145437
567578
213083
893160
333935
795692
911564
263032
808216
587393
380574
79957
839348
33774
911253
797379
126791
655562
798680
376199
691992
266174
718904
206390
745081
71816
416041
268981
823768
658734
670619
147717
590553
194562
295999
165506
508539
738759
955566
866930
312532
769980
66024
36449
880989
653810
903513
719180
734007
947823
214349
83120
126520
859412
7192
962565
348163
660438
153742
122657
427505
819676
643266
240371
201420
991465
479941
729145
259660
485777
903640
961997
810021
390339
231544
862602
791604
683883
29019
677648
277045
79147
984679
318992
234382
502459
652493
77961
581929
403265
115111
343682
378017
904627
184092
869953
609591
588985
652924
777385
590105
87628
884023
712514
740512
212401
278291
324666
490842
44852
330889
271146
495400
295471
802675
726349
428778
648257
42305
402225
85266
757506
462883
957573
376840
567141
898826
147216
690334
896301
824914
209286
883807
198880
897903
123809
703714
918272
227023
247528
430801
716454
731217
753937
180610
629368
320108
327805
74099
762122
712393
473080
67170
217301
901870
772841
142603
993791
963703
959684
176536
998725
278201
246155
159315
798312
930648
498475
567467
439016
416725
5390
119221
68600
406854
286384
441590
287765
57348
35844
147125
680054
605456
332498
878832
811742
452911
624509
728580
504032
390763
81171
642430
586474
216863
289686
326021
306676
216981
972435
213134
216184
427994
717840
959751
419803
985412
95229
756557
3689
870598
601788
454839
916428
223352
345852
911342
676084
227154
394350
356141
795795
509128
691705
624016
696685
654983
702226
719286
117824
892394
208553
805379
725046
984039
419478
295365
71554
453904
600182
924159
594226
14172
653293
719312
622741
870863
387778
630994
936267
528589
486939
177885
863535
302656
269714
58921
575633
588117
405772
388547
242933
80136
95191
699066
846021
118259
323956
618252
332156
142617
471049
625073
215330
648872
765797
468260
733619
797340
893443
645142
487248
707316
577352
201128
121130
68802
392182
119095
726688
251660
760970
470782
962659
682014
934780
203679
366899
591432
833512
551086
671266
463874
512873
592030
627539
556087
420615
147629
600669
524352
48443
159056
73597
352501
27381
378529
740637
198170
401258
820731
811938
717687
321889
598297
228350
926444
471795
481415
270132
360444
441765
958564
804126
460321
338924
803370
969963
855931
682102
528043
948639
500197
246081
13288
175068
592239
936946
230051
580523
794809
196587
131479
247896
940060
278223
346986
966455
579445
854232
286473
318134
434756
156787
679451
480057
114525
757360
120099
732726
223121
826516
363344
786630
383125
24618
511062
992721
300079
526773
636748
195793
58814
914813
43284
300512
733549
422090
497062
579532
746709
970525
419349
933580
155744
423422
623429
449393
371838
302591
17425
540515
734610
79054
307912
399465
289431
92187
139747
876889
51173
605754
226007
324668
644658
814747
253544
555501
73822
378719
442188
244125
524619
346885
810914
971160
612598
864474
877142
314359
65103
415370
274625
332193
868031
500258
986174
339050
226257
836611
811274
654122
34371
622474
275835
484462
72874
42283
884072
725072
329663
522025
651447
665875
860146
741692
503737
65629
278919
573364
974499
405299
432721
596105
890482
468125
433436
199260
813573
571902
670409
710006
426872
898768
620014
829906
553550
567782
884843
830112
80250
951564
838277
665023
68865
243421
850921
362469
598869
445730
331468
551221
36347
47634
518429
504114
531998
803869
868097
328356
783371
227085
386794
381624
818915
876036
313475
607028
323925
72563
506321
837465
945580
715039
608496
740948
672716
712408
77172
141599
833565
614038
355467
964217
825290
107231
657998
46230
612045
586345
246935
658011
483771
649380
973637
657795
348974
997605
329333
300631
819883
261736
497506
372229
403898
918850
622711
284467
619088
944538
540114
158193
139223
646203
852765
180522
277809
160480
473216
258084
675432
459832
969049
880639
986165
589699
537341
729189
98362
571109
903583
186200
583207
797077
399507
168836
908761
974667
20423
720539
92664
156769
862519
508975
901063
716208
710288
754555
901055
195984
65284
169261
478758
974368
338259
714916
667325
8046
902217
163753
43268
825113
543934
684064
687871
892706
761077
331595
885902
778971
915517
793890
541646
719497
441044
639963
203564
125765
851864
681000
131672
673551
743018
202467
790160
189387
882046
962130
13901
552954
573320
817162
247870
704241
568333
493374
377929
641182
411772
315850
747868
477883
973759
304987
454713
580619
143012
978223
446246
406658
442667
105422
549322
317593
910609
778621
573840
296718
691703
428641
43827
198529
239934
702678
11240
322456
167880
605879
900762
383869
29982
414414
26542
628830
193168
336268
799667
774312
150416
549518
621333
788009
954145
772985
650943
342961
59641
974480
558447
128012
352957
571024
344436
715480
752404
128217
644297
839748
568493
82941
289897
734508
442885
663397
231076
771377
510595
817331
952212
219085
915344
988265
782600
383880
7012
295981
231360
605917
647979
654760
460963
152592
961072
882823
683919
477884
154892
141084
251131
875148
141678
346998
493583
322720
906898
492783
959271
209451
921173
97026
905714
427486
622578
767300
466819
962098
287443
282248
536716
806241
529624
249758
78040
980103
579575
167547
809897
296623
785606
845037
19163
310544
819283
756529
609626
832244
650177
653002
798898
907542
912177
366808
397407
514884
224071
677380
960101
681393
606121
825913
353227
232559
207393
980004
266228
484344
825212
581682
489184
574227
643002
515780
294200
964257
544233
991659
221360
750785
508253
14621
439773
607488
564501
693166
193436
866532
86218
937011
398918
829034
800634
807884
451286
556297
476410
14215
267778
6605
679551
170771
755152
243932
26836
128078
518663
54557
109391
215082
933589
109407
50497
47426
417262
546051
166929
495608
628238
195621
483811
513319
153995
294024
7669
338591
769296
549739
161516
794933
103430
887783
422246
116490
742283
383745
416419
845668
556018
823380
93525
904192
134194
735219
973979
113795
76563
525511
117178
223971
392401
420347
271644
214256
703635
333021
292273
183409
849158
941736
965160
171902
907965
116052
245679
614244
138584
523979
971188
238826
378493
886221
285087
162402
924850
565959
620374
955460
903958
894326
854305
777398
548327
291509
163474
357315
654998
426521
114786
754770
487957
48317
181612
978213
150475
781084
456868
361979
2750
213784
738059
608540
752183
372782
677033
365647
584704
647108
219958
13354
964305
44248
690736
763189
627077
154609
290089
982209
811252
900148
745222
551212
985898
250275
207621
706172
839786
265496
267905
864785
899334
164689
418832
663446
361401
476474
334292
672784
873239
683615
870163
36684
66427
273102
702238
824031
414989
160844
428588
185244
757184
418787
170974
69554
51664
251921
141241
447725
249305
390473
743173
859752
462688
417109
92295
539430
908607
669233
139857
102964
592947
725388
67768
995124
161460
203457
943524
128818
406328
160687
39043
269909
358916
176654
231529
264634
850761
998816
500518
707821
747768
288164
859224
824240
340838
506639
384546
353618
95202
508809
335439
998650
334278
747577
214485
606631
867836
212108
315877
187371
778025
621933
905084
243795
720742
69042
901879
822686
827172
851721
929343
134133
223536
831579
396157
63347
791919
682946
214528
946628
854174
937301
347468
497555
777298
76899
869995
194780
652654
10790
555548
910624
389201
950220
445373
40047
395578
415673
27556
137646
614849
199266
836874
457443
256831
357168
207779
997155
194411
25957
43328
701947
858055
888643
816323
219725
226622
24584
59415
128559
84843
878077
112755
120366
795150
134177
954778
731471
998909
892666
102871
615473
288155
412719
346623
181446
171817
257763
247839
80380
398914
240433
6153
117951
157614
818982
176336
852297
511998
787981
843676
529571
128594
18292
182670
264535
395733
185583
932889
714115
103752
505184
857223
743642
927619
96714
946481
448992
7740
523298
143509
42298
394398
513921
356802
671671
896680
381371
807143
493510
121569
542407
670855
178277
44021
628817
666578
630646
99414
761468
237658
739899
808209
814982
305336
197012
429756
176513
185169
940666
61011
963386
800163
107840
789481
331727
25605
448101
623284
180926
312045
618384
88568
280298
290856
705589
890864
632136
187225
142951
335075
265971
330033
668573
182658
198375
312992
393381
631239
160793
718060
493280
305549
89106
816163
691592
857199
34679
657180
534547
47965
917769
224061
83847
418131
178148
315577
408815
431874
900583
642139
222682
328318
543876
611812
597955
25978
333612
279696
601454
726630
766430
251435
141272
407393
751261
460342
899903
491548
224750
631629
979213
130119
290617
259850
866434
78548
936946
63880
65401
730690
276126
414653
768412
248371
152820
686106
753716
240731
541609
640356
979885
262393
322341
632903
959651
633936
207508
512098
711317
976214
328045
522733
578123
377916
456609
696767
707822
617571
225797
982195
988407
199682
287345
58499
238074
51643
849319
941923
458409
687398
412352
940444
282680
249252
593713
246271
313977
359767
382417
61381
600377
252931
451320
953327
343633
64342
44278
628540
281370
440772
628262
731997
370661
680158
32040
107117
417198
920424
686823
402145
333423
312936
675129
653571
399237
996346
459564
345132
858254
758783
344169
434459
391929
836941
902792
793269
218655
115772
217009
717917
115428
167170
249675
588999
599319
269463
748299
97676
404370
854071
124428
522417
730454
863635
217843
488885
67820
472534
25582
836221
426657
905185
955750
321383
715582
820937
255991
155897
571746
918274
653431
743500
254746
259753
333639
305212
470662
439531
681821
285162
257571
164999
11726
696924
623563
291950
224259
437238
654322
330105
464042
888709
472641
953459
778347
671471
549509
947660
477058
842736
170743
655841
573585
739545
455278
45473
421396
66695
842615
624172
695548
815256
682114
29996
7860
644480
826067
832786
434966
355491
76440
158731
838974
875067
200458
792263
713648
127126
987205
582502
910395
847347
171857
300247
45790
789117
783252
73773
887519
842828
561197
116168
639294
735713
683923
235776
136151
39036
564252
857289
775139
334632
903237
54347
254753
638367
485864
883100
103414
857913
722898
78101
159919
864080
806812
440387
355352
605004
89678
786895
833596
726645
554518
863200
744092
922072
52327
772043
767574
77932
900961
699496
886720
762858
32676
886603
861705
468334
326836
317400
718149
925345
78888
42360
666151
65428
561283
654485
952985
121454
544336
901128
889477
223926
550672
138448
229312
491440
396671
702500
585571
866498
271189
853378
753634
822335
287252
915485
810636
959165
260715
226785
457066
4388
612840
338480
535136
260824
245000
919088
404208
671280
504921
115557
45091
470993
433597
45719
629422
925794
632580
28573
255443
457263
40321
746512
328536
815149
936536
254245
830767
512577
578232
50677
767317
403670
416797
547725
844410
545076
532173
100692
82591
714407
750130
540206
634821
763803
761253
878053
431748
537248
210477
404879
154760
249391
9670
679027
892046
768023
199151
681214
262147
583179
769055
39580
101406
765342
284491
611651
272446
564658
312051
149868
840406
589697
932542
334810
776741
480613
222519
658462
803141
367318
8945
637189
329998
710254
504518
608188
967176
476132
525569
459852
589717
393921
691095
751673
352733
27746
487719
664908
549287
885099
299770
571963
593039
862879
503604
623853
652298
566466
984731
457227
828065
87422
821100
258692
267824
961513
910914
727944
345652
865004
856999
623141
23833
848479
752878
48381
909806
922709
694192
291160
457405
269531
996358
479914
996096
723284
177443
409637
177852
607222
750558
762335
153386
163249
238063
517987
770403
223677
8951
114381
590717
564160
347416
147257
672817
150901
855502
901959
518725
378880
381077
774588
474813
253908
120682
569952
192914
237704
831448
416700
444716
547168
721114
742739
433394
769830
556660
366205
571256
86368
74065
203015
26766
338872
502548
56231
137246
65146
925942
215103
342788
825196
831807
259082
768988
792369
597254
531371
293178
621770
978894
402805
42055
5313
839243
595527
213590
853502
832167
252289
391107
430560
84521
208645
294239
881810
55475
353561
863731
442304
687002
96938
367700
792756
888887
814809
491142
172486
750104
123034
944474
293251
234152
544624
760490
948594
711498
269127
27439
13278
870232
878938
165325
698307
261192
170186
420565
865018
7952
55341
271858
68054
325906
22987
957295
435678
751445
509642
978624
560201
513307
583006
641647
393905
452078
718688
482354
597726
336468
84863
879377
959172
117655
778328
136739
923045
354996
374516
157351
963202
9930
46177
730210
553436
825296
304657
810769
297835
623716
14089
877867
458564
229679
744014
19186
370382
863384
362063
932237
751794
60544
687290
927831
181725
890965
391786
766501
665365
34937
795483
957839
862057
169396
69963
7795
337102
859425
742317
943675
285530
362422
969814
864343
490642
120197
423653
12772
62282
521472
588089
595799
711843
673981
364144
515553
318541
449195
310808
922237
587558
444046
733776
953469
810641
39724
122896
690379
358658
955371
730928
796568
539249
986305
431912
106780
762950
640874
739492
69724
906670
840492
878730
39105
135125
77503
49364
714377
404421
779953
404131
748983
431853
806671
332675
398593
765222
266258
6390
116343
685470
117364
542490
210752
388845
996019
829554
298030
818742
901782
386024
802590
901059
799121
550366
60612
217454
40731
71691
953940
820869
797523
70677
41838
144062
645755
508279
952392
780992
407394
771107
82671
128441
177989
67073
78202
440467
525450
15417
272927
289379
464787
923068
37321
576651
759033
801240
708421
177023
322642
453788
733508
559917
566156
653594
415455
828299
752953
177874
826997
251387
442261
357924
904148
395353
422390
948101
475415
542592
367483
313869
683610
790910
772914
954489
190182
166812
63847
304878
762468
959110
693527
351993
536627
892010
249201
239098
807883
741720
427622
337284
319619
349147
658197
270832
232726
918574
949660
722395
654752
155167
338925
14146
761918
791840
398981
880840
948377
284000
726537
268288
483238
247991
469763
199248
596730
91173
289573
282343
639560
923926
793974
567725
594975
764487
141726
699972
837844
418628
162188
76532
909603
129776
498856
981269
65937
983809
516139
883216
889492
628578
752268
647607
986188
906796
226013
878957
446073
442680
800822
233320
782735
926686
18203
780152
231101
348685
801604
827085
943052
115998
976019
514314
774629
901943
993258
459188
288834
794798
653740
495944
427344
339010
425254
932768
606552
651541
199823
553096
298491
370295
8479
823474
87886
164003
134247
709676
166139
315311
730296
667833
699408
31069
672971
674710
142293
629970
68916
704716
672468
624211
86887
767968
392614
444923
376605
624610
626652
682008
876811
366145
391638
289099
968054
171618
219359
688668
424760
659065
674624
668784
607833
129467
993378
154136
166408
964956
514437
126711
995707
994708
779469
825583
789523
191441
695180
561982
106971
561161
755428
485062
533495
756412
257809
77574
359754
243984
824608
60837
703674
792170
78739
339505
658590
695936
79791
108459
725853
821878
217009
651070
590764
355953
810294
699657
774817
115180
275286
552554
40394
436987
610740
525720
429512
630272
622210
120497
787719
846623
680799
170423
331489
460090
94290
857166
817033
805694
592862
435319
298205
922385
619189
867021
84270
460678
765381
153747
754371
320596
413514
525952
401899
353100
601011
330109
301843
62550
996717
532005
324626
927533
748849
838638
946189
1044
122193
223051
180270
2424
259940
55345
291349
197951
479668
651991
286198
251567
529078
903117
575
892026
357991
940102
449214
77163
813455
930050
589658
528390
534617
130947
861756
874756
52041
549704
832727
874349
278535
547103
572480
539062
983809
643860
470244
731618
508987
980920
671331
119838
121013
87589
802740
554309
836190
866089
990134
26020
445213
755235
829311
235356
510567
632923
560546
377163
587723
992037
264169
647941
694183
983772
592312
576065
833406
522452
908127
185171
571397
255241
294194
583336
370690
668912
574647
961353
303819
142001
271807
702135
559821
705616
404929
533821
81726
241294
431972
827502
484826
831045
746710
476198
350752
641903
131520
487971
762812
931624
13228
941559
763909
594609
539684
257128
397448
930411
177742
405837
115803
574372
296358
9348
118808
371072
608988
494494
518228
200398
846984
598135
514692
768613
693913
694402
706585
752080
697817
780999
135426
909556
562247
523086
171580
920458
593538
900410
167805
813736
84017
77725
609666
167720
787739
101712
381416
704998
514517
934975
351154
474856
684991
606002
698547
432293
486429
748737
902024
156859
455864
264617
52385
871307
597334
535089
251136
694481
262329
17995
563731
158363
962614
299493
807424
797927
976987
267935
63902
935387
667927
287362
350008
429685
844156
249553
303328
36894
89659
657336
91762
323345
352547
824980
316956
273464
791596
414659
13119
539090
758743
37494
623631
666946
179139
48455
28532
609386
556252
920134
831750
330682
500820
897729
830864
582817
696206
948523
539194
460333
538731
540417
878651
940260
276300
557067
550731
627296
456523
835618
556501
751766
67145
175027
919144
855891
458213
107919
816382
586437
962035
368386
725589
951338
773840
812855
662856
724092
52232
360676
740869
386274
383746
42037
231216
928373
140572
610805
214975
509097
936174
963097
986852
892305
145570
668758
602330
782899
657498
614009
111089
637568
990064
405458
300389
118855
790949
66066
444366
391070
615380
415544
240358
247506
682071
990104
970425
381847
997463
957926
913319
778909
178895
434460
546429
714668
113096
771998
858998
769491
615885
310660
12478
189731
896292
695605
657173
609365
728597
380780
988218
3667
931925
757275
828415
792215
301551
706485
819220
128002
233266
603467
862988
574571
223796
99251
12754
305376
925297
361884
320223
201902
486825
944024
395320
191192
61286
344251
764845
395967
139290
298000
135700
479823
859105
848897
758196
93136
108110
478476
885363
369601
694767
982372
429509
398661
379849
268809
35495
45642
629384
72275
886931
237409
355350
148196
795683
14858
91462
156421
748317
429813
437084
334450
694796
193776
834553
771143
227333
565909
453771
408260
101585
5964
600788
371299
8581
357221
399452
518817
235140
196516
775367
903228
455986
326446
570718
85008
262538
159443
584823
588497
350906
299935
660727
734649
360489
38363
587289
274259
494529
209159
131968
154084
685552
831908
747022
407985
835994
245413
470595
744355
5220
331709
723911
698049
373561
540131
768191
441214
461840
334462
180162
317244
656420
387542
281277
943390
678790
337160
233665
991909
737835
147550
991129
205586
268930
176385
767642
841480
334482
291493
856790
770367
193934
699152
774704
401229
486979
285526
679358
874911
913800
822490
363190
568151
616981
656243
833017
435593
268145
284670
903354
476340
245652
471092
815008
159653
802442
779092
79801
369361
941810
459376
635295
105054
918022
141706
66168
323201
18913
19714
210176
741176
218472
122583
108872
134638
106023
410335
887749
862806
396695
575274
607433
311225
255201
734323
794417
106754
340876
713346
951935
646435
11321
732432
855733
481008
139781
250818
554592
781019
744892
301095
559787
579940
310798
300215
996907
693212
203591
578139
937591
383322
545890
876564
136857
450298
615077
104572
373488
282843
384811
587560
283012
542923
543191
590525
258378
554716
608161
255674
243911
826271
30760
575984
626901
785792
760226
396479
686264
39801
820325
290008
648624
654149
579047
947015
461371
147795
541230
206847
945323
178502
309139
68576
100005
94214
547646
452773
360683
139908
119266
960690
303983
41273
998117
191067
214799
578775
536376
372068
389431
386077
141313
842578
300495
242237
989541
251557
481559
898593
406846
382740
613725
362662
580448
660011
20941
301463
856611
145995
157092
458323
674920
77007
317210
37233
186712
257204
220517
640740
975813
191327
639996
458247
341597
94024
192064
843562
697320
146084
908355
432638
575326
607308
120658
318808
188707
30896
758263
292172
871956
828520
104166
760442
403072
954721
7819
609099
531448
365797
976212
746189
159376
870891
893762
443966
266030
158495
905940
516879
705047
870726
493619
121235
727833
75765
298989
735963
67669
951009
355607
263052
698227
244085
462272
292966
671175
226854
60739
472805
868012
439440
985059
703255
171330
949793
886376
152442
653869
55208
211575
573690
326969
97183
192799
310076
475771
111944
467410
