880003
421475
719051
761696
619848
404950
20316
213643
711106
686903
292687
162336
17192
651049
72963
788108
114137
428182
429214
522742
998779
514423
959279
290987
554215
525432
212398
674416
350444
405732
490045
46415
691351
125348
902079
954331
556012
651366
232861
618195
545443
687025
489986
427977
155330
656333
790890
132724
851086
574824
828967
967029
131796
937258
231886
655358
312987
369636
670144
495486
548192
456969
571821
526365
99926
105763
333996
249653
453599
594817
532943
39184
313632
377799
363150
395079
781154
837999
747327
684242
52179
288314
52233
751526
785344
973627
917703
539026
604994
231977
882935
589064
257799
166935
43365
44375
416426
661904
99826
12329
810003
950685
294310
857227
833388
813699
22433
110357
107152
473324
167200
688952
903629
561986
9681
637014
476093
628395
948043
726744
352388
395153
254572
924416
821768
134556
493979
642846
353826
123553
379240
801689
493265
552219
637281
688442
760539
338198
956470
305164
701840
145243
558079
530845
320752
194663
36767
710835
80983
228329
922776
472069
862797
495044
893751
868128
910562
130641
6434
250004
423671
393340
789907
650639
852388
723809
262598
894769
944414
964041
122440
328402
303111
924474
800453
409279
676354
145012
101797
402993
382442
912620
166646
792216
578775
935114
648319
276948
65894
579749
412667
264029
470233
466987
47823
495559
662148
710878
85390
965353
713553
813707
702034
591625
488773
180224
169658
969179
303752
70472
255174
38213
81680
325499
404372
728770
207745
121270
646971
763766
489406
939925
707729
963788
756540
115174
234810
118326
828377
408362
961012
108604
262640
670115
248469
139819
884703
115264
543425
63211
766789
697310
561576
672573
217645
699208
571991
128347
534546
369488
796740
334050
237284
276587
629229
790745
259031
231043
962518
164387
585102
341793
814239
524850
807948
580010
93733
810102
755979
589547
291010
44719
583001
17683
434459
814927
299448
779362
832892
323963
581948
679000
487334
138579
773502
714990
721766
995639
162457
265543
633080
81591
56096
793450
250305
443688
556482
894211
819123
252001
329120
462040
711161
671858
541189
354144
923266
581781
205045
618743
965524
224315
473739
727798
645084
23833
3602
506494
861399
535414
519660
735651
533734
814446
222934
262503
329558
476542
15822
865777
752168
715032
481343
155008
937158
165600
409036
339846
407401
237913
261310
54708
847233
703076
254360
517081
753857
789840
528058
904462
959658
247051
234072
186839
93730
908212
506037
310526
924209
758383
214087
85446
538874
810123
850937
148721
450155
581470
555635
462464
128960
633424
186997
843047
944386
581558
417732
882671
24643
411879
414737
826180
405011
152567
65725
386924
158441
131811
557358
80975
702448
975609
887226
822641
550580
100337
828597
851223
861597
676562
686311
664866
361152
35364
16831
253929
629144
127075
501562
259149
647781
848507
853904
52548
9627
928226
764007
308167
839330
288250
211993
896111
937301
64201
639574
450503
842643
798431
750564
125788
966386
570442
17352
320843
753634
543066
907581
539119
462348
45307
628669
72081
284711
400867
557519
519667
925067
388638
914216
860177
875651
988482
491954
954479
56839
681706
877694
234455
99156
205764
943571
347623
601102
704184
538142
950926
364570
967187
163529
718863
130094
402424
881990
363355
316920
748271
51486
779143
375092
478498
162211
924490
634710
468325
140865
581586
245461
15794
213877
93979
90044
32056
759261
98072
111529
838806
194909
620746
21811
220792
442788
981866
736274
719907
844315
628911
884395
389461
918194
611724
674201
761691
372582
966190
312452
395368
135172
733145
417865
909573
936128
7654
922715
26355
577921
236027
134014
780482
329253
898300
839689
929646
235084
845827
980819
331446
484710
52134
411048
298529
291640
223034
462395
960174
946974
773193
242857
628990
727638
803229
20264
168000
306973
933843
144817
987496
950005
603528
510507
598048
635393
861941
4213
953850
61426
710234
942841
754311
235276
108901
884073
104461
352172
837418
622946
871265
766113
3580
840400
225159
275004
100505
928506
233261
60809
859365
597853
435247
473393
764677
686820
751025
236629
174407
934874
532017
123034
514050
957788
466864
186641
822584
179991
511688
198441
210670
35133
786257
665566
265650
495098
903201
530412
899379
294123
643085
322981
428923
498625
403108
865758
391814
699490
416912
181699
525138
112855
848411
115080
75451
597009
126440
81513
167006
553281
744984
622052
782438
814795
242588
295814
364461
704279
317351
605045
778202
618804
553379
533514
553832
941093
585791
539509
272551
887190
421161
704201
791053
68978
635728
842139
430894
486748
733422
378954
170034
721909
522384
858657
607483
78794
299058
646397
73534
467251
686991
973209
601375
570957
912683
314358
900849
585344
341336
196566
832473
751288
280143
659852
624626
191581
81939
456109
124390
480389
541941
219334
512862
245012
427577
804628
939287
559775
47012
706758
397
345596
209935
921659
899520
956612
43114
200933
97717
788040
454728
805709
82983
46704
152017
586167
349779
57011
53133
149006
512641
357612
314666
673900
193723
743712
393587
500437
250519
878910
248499
721675
334908
329667
712520
284949
293088
182024
103174
148054
13449
314295
634276
314203
656827
930118
772977
739274
272086
15418
103295
662626
131872
971735
696136
725956
515021
703144
962495
765419
785066
807828
217280
960251
451687
843165
67119
238517
374213
289414
35893
208664
503668
509519
451764
840950
728875
762163
732256
260930
809653
772248
342537
177482
96173
14219
479578
779310
246632
73058
698704
436089
542920
621730
431763
455539
416836
476267
924508
304184
387767
147775
774160
198157
186128
748445
968442
265122
717040
35100
324147
789087
255082
968702
796982
898545
124598
582556
654708
48081
153126
350095
749670
414248
987489
209943
789685
277850
433677
635674
101231
942099
33242
214942
243539
19914
621146
905050
764390
757267
329781
122176
560757
512208
296128
225027
529998
285395
668013
728984
151229
35326
599317
87229
268208
420601
428846
130389
645457
797061
133671
931166
881375
558631
817690
964740
22374
323291
929724
70732
202499
863749
397711
598513
151730
36319
101863
546972
493811
259023
140020
709555
936929
127575
438427
903504
909745
193007
599789
521150
645243
777950
560491
974420
94456
4631
761628
728925
836589
120481
673462
352313
286207
996615
857276
349681
464827
125239
704616
506889
819174
116699
827450
295470
509592
132492
973650
258568
631674
945464
58612
894233
523905
99917
48053
922164
860279
213137
431290
444803
903051
420198
997075
410542
231145
904129
863004
972720
341871
706723
502750
377557
746754
364555
807766
862889
118304
83801
552355
548751
64906
41976
738043
920340
774112
99922
79484
508257
880660
773027
701532
856540
293363
813324
733751
820696
357574
651956
572197
144078
607151
530152
795299
718242
216657
396683
279112
161910
372522
647532
92534
278203
975940
890783
870571
891224
765045
188684
887662
832434
633747
329734
191464
140986
507095
924548
969048
809464
639988
531188
274246
21851
262305
726503
904179
330411
548236
100176
93015
406617
196400
913389
815370
215985
822575
661156
986332
330885
56542
326399
624688
72879
177979
397139
766398
499297
332333
965585
139901
637034
978771
622483
17694
2189
455408
348195
262133
786497
631881
119001
954839
850704
350489
178956
259625
179054
889220
262180
545772
653655
630076
458650
947169
79619
153979
1012
232235
415099
511889
794306
785195
889714
346290
45427
756163
212512
580930
222331
607846
984609
753770
755748
790206
323774
537813
722608
550385
404285
180793
122624
599966
825747
461090
831334
350132
729646
511887
669009
674273
666802
941159
196089
571320
308725
4970
397702
190663
709417
948093
138072
599384
201847
276427
450807
616903
39736
708504
322043
677091
454521
129709
639462
760672
4807
712108
264255
844042
7409
617608
742397
79803
833518
457493
625603
524235
527805
465152
952798
598421
931760
342955
728163
61846
911596
320514
365524
977241
751182
87298
614006
277216
272233
480655
902218
920858
683570
834789
374765
191930
296362
638542
183544
10151
715864
789633
9812
758059
111615
989297
648828
408492
183784
115436
266386
483048
16410
323672
688417
64282
869701
636370
611531
657907
786059
443300
310082
501080
401927
762237
695553
418997
522973
561282
484836
798281
224876
586604
646393
223312
526894
347839
964293
367418
225792
651666
71176
175461
364939
144709
656282
406032
551649
974466
424484
341934
333975
751384
361393
350518
742162
420190
384592
115066
434017
323759
31287
406140
649762
273524
678194
780215
835817
647503
764688
714860
325029
847215
32677
22130
563715
65605
550164
971531
547557
781404
28325
201197
542535
19920
872606
990284
120847
942934
209200
815231
453022
143921
934623
378953
346940
207410
748095
696864
2537
654714
838723
648519
398751
841841
742268
846941
902972
319516
791114
373254
275812
432072
49687
251997
881528
333059
659828
105999
728908
158186
618817
382458
219401
340914
409080
581989
626011
446409
352515
58469
604626
980268
927097
72637
47999
499062
250434
864311
621540
715161
246069
889289
827853
102282
62950
290243
613008
150098
496502
164159
538274
843549
556669
333950
100384
181259
372911
116379
257185
495518
774
343573
461769
214672
398598
334214
154909
873584
972750
149796
238163
305007
469357
506135
159390
48535
978002
418057
551701
146188
181892
164318
273835
976373
670880
110486
134424
768779
271127
918390
338497
840084
590960
950048
442459
978954
409868
419184
958809
996634
455268
177636
870874
111043
91019
174260
8817
813905
985219
545279
461109
366636
899118
428026
66977
77621
924235
713812
514558
953492
403632
510383
762863
937059
613330
281679
496582
385318
920948
243037
950277
356738
482184
516682
708323
191050
323919
876293
604836
32152
585710
767005
688762
846017
943140
478755
773040
59953
246911
554635
681566
407947
415416
552000
797975
337987
374043
62940
868930
802679
206788
830520
860241
620140
992292
742513
556266
834216
389946
32874
46451
32852
883304
23245
726810
22333
364313
574423
170442
710600
963202
930257
153677
782919
83597
976910
692359
513648
17209
277805
112446
929761
609847
236742
953599
300733
19747
446751
945135
372301
950687
328501
286234
143375
323303
596183
107227
65280
283351
281233
530391
529711
402190
938930
325655
521576
34082
370432
1959
423249
315249
392508
835724
298515
306050
826467
889475
36000
991895
141461
212664
565901
34605
493024
244731
612336
872464
526440
743879
619818
46679
256092
855265
79332
488977
917668
331374
643087
396296
747445
93425
615255
889885
952364
686487
197380
963722
710155
867513
676463
470368
211844
431853
530584
655981
681718
843669
663593
681086
737285
465300
75871
51350
896124
480688
702474
203838
9056
957420
550053
364597
745730
390971
582084
206497
196898
851667
565730
523712
645847
785778
590023
301073
804550
838323
585158
505997
263198
353372
347297
538739
211992
762703
973678
982001
565008
803375
927768
433121
60169
962138
316277
773254
375342
884834
797736
635266
504391
824791
337812
301991
139657
719426
65824
87544
18174
283519
243617
815332
511136
843579
569843
975966
945823
510326
246517
162232
272619
781668
426703
191372
753520
634542
85473
494843
622100
1805
120857
255409
757701
528873
6491
967688
324025
768654
760846
751386
45777
387711
304159
202380
548016
726035
396719
848690
572926
611719
48513
127452
188954
699586
405772
600603
969692
244252
472552
325941
107012
11060
459894
27567
934435
911010
879590
48242
656127
775958
748920
413547
815693
140466
568699
214948
381082
76112
318253
334082
520239
918526
578041
907608
185589
885582
840505
205816
156422
944543
633683
551322
315050
792373
118869
263373
212562
902827
846637
552999
626199
65077
838138
522337
264727
210696
157697
824433
817834
458327
503041
732193
210736
349987
464535
553603
332598
313260
808943
390698
747926
257467
696821
703889
568743
708315
25618
577520
953818
290493
657064
698479
304628
322701
340114
441907
321912
619938
444237
518217
704415
438173
166402
512839
934259
278653
107590
51746
444242
884618
891377
814294
932853
402412
644530
687122
539031
8332
486799
579494
254142
570331
394037
231400
91899
406069
918788
833406
843982
217703
22144
312279
241006
884232
501553
281860
222608
91739
144153
810669
473721
840618
769751
503886
215321
220713
598510
277470
556076
768624
299440
520462
115756
711104
579302
630532
136469
919098
212407
656330
64461
206833
939196
912676
593706
630401
734882
430267
371391
490757
478963
650501
62743
777781
712691
158428
892078
93524
702654
265968
839270
291806
229357
818646
42053
469773
877578
684044
486751
756338
25214
412589
835309
528119
429451
660098
861551
615923
937517
622561
342761
938605
213041
76901
637472
882377
284989
29010
287771
471650
268699
903144
632838
691552
403197
229547
720578
377055
288524
307652
35785
95138
529168
867694
820440
260178
885493
258589
266884
192279
371429
400570
577664
649364
597110
488540
801582
929656
441753
92037
805254
714318
232329
258975
6170
372943
190881
91071
289874
616148
447336
869015
544111
381037
395445
50050
474872
786752
782807
610754
318075
852284
315714
861893
755337
975746
790152
577017
896052
527969
465323
770333
38688
679386
414979
857573
200810
914145
874176
316957
545584
664883
847067
945001
740491
772888
55683
847289
906645
175538
88350
76885
409800
94309
904014
437319
521329
735826
585912
831434
231670
855143
67568
805207
284657
671797
924879
795307
316980
971289
301758
659373
339012
734946
100853
306482
15735
892685
908886
383863
814761
784284
526227
96072
436802
423801
455418
621460
772555
113554
852749
513986
707828
456535
373518
714184
270695
680391
418088
393882
437725
782676
362896
818122
121591
879663
50174
169317
814461
411875
561834
701410
295680
53129
563578
306544
238494
560381
101508
885788
706190
354340
229552
380567
59493
318736
46231
209321
518993
94834
459592
89926
288575
979544
431217
256302
981569
327173
782072
805090
312664
700288
540380
197146
693252
400108
789912
549245
235572
998543
890797
203350
415106
940109
471111
389251
523043
510465
752878
340859
892382
46760
726025
985918
98744
209965
586309
345675
173734
960346
591008
720676
432165
895118
565336
565494
972742
318981
479255
701172
581620
308906
517963
841377
61202
979406
771351
203443
530209
616826
759595
484015
688308
220774
427333
618734
456265
528895
309591
183041
648717
708048
491216
193088
650433
538241
630686
653065
27082
342635
876063
372081
124557
631627
265840
401139
409671
706077
489460
960531
129255
775638
546510
165689
741865
672954
144721
133652
413291
737183
411020
280824
410700
46514
344760
478195
460024
458028
362379
981926
530781
817968
40603
614922
938093
199112
953420
38174
909676
417628
510971
371075
617148
714746
804965
67878
171815
656129
653385
383384
709324
258309
637350
508835
938951
75067
526028
68953
614637
567069
140008
815398
361125
359123
919541
942595
135274
212368
219062
556259
643475
181296
377899
864878
563050
660397
443216
518175
860820
497415
121865
78280
901411
125422
817435
589
201212
265395
315226
258095
527908
410174
546311
135311
516791
835179
299836
879314
140034
29715
917302
891764
913775
751850
252763
983316
52223
234447
577284
985528
656843
756030
371575
352873
38352
777939
180881
695815
410499
441543
821605
493084
641627
195026
943148
179591
937604
273030
701938
741104
307149
850196
887668
649158
728893
722202
80771
10835
208965
739998
938378
233915
994678
858229
390076
736764
849214
292350
988865
768606
145367
945552
800797
523239
792612
451003
141377
941304
708807
617070
864622
223112
540429
990233
752320
826129
660631
923523
668965
624623
433534
373750
216693
608635
568077
766875
420249
497278
251189
701724
573607
457482
768844
145875
377586
747990
695916
6026
202588
522075
8935
247502
386806
463436
418676
609433
80167
912416
624612
135932
341119
9328
782915
559614
279838
612373
950617
547912
511658
185314
908882
868640
306297
562206
101088
216525
640750
313089
414219
448249
875186
352163
728726
803587
744583
866317
967853
494551
103303
891442
460244
975661
801532
538638
357039
139990
246593
107569
865979
285656
14106
17841
385438
675449
926688
493506
385498
635648
780599
742418
957757
209989
540056
10377
378041
90727
282595
196138
625776
949375
680941
700368
919768
969641
418152
13820
881722
5826
288415
882678
159179
148860
118812
453323
676166
961856
34381
715021
959685
524287
691905
687370
34272
473722
852192
58947
595881
4119
914238
677648
975247
527691
457933
479782
437060
966090
504328
106140
958717
180882
851868
963202
361704
600757
886690
4176
946875
742015
486613
282574
51833
303015
435889
143564
464865
157116
185822
473021
286404
296631
85528
420160
14300
54695
758207
576760
817755
991914
88778
421557
352436
200507
915333
8936
476912
448514
177148
415857
268549
588083
17014
48229
957069
830489
216196
334354
820142
706248
105998
778013
503257
8967
778481
161208
807576
363493
598533
785347
764319
881694
225702
48747
442181
747121
692548
724317
225237
999941
849084
294278
749396
809880
6654
382983
148331
104708
689006
749859
976196
289903
895246
714115
176319
866355
215047
658280
814139
342242
932925
24036
736630
254843
650528
172546
903659
92136
671530
685500
237664
112969
918143
804771
441814
96760
304973
19289
771437
948367
352980
795027
229884
971585
879240
769578
46166
104948
709966
850241
783034
478799
52713
863149
666188
496739
464529
129606
178236
409186
48480
961118
786868
772064
559640
472555
732828
276977
681345
874440
569121
537740
808773
546946
18360
123070
298708
262857
954540
59485
898057
258954
841284
460468
795949
633062
698153
294137
684517
428499
765772
607874
473074
839966
533975
43880
740524
877621
595395
381241
63429
111328
950602
592723
659420
926024
37568
645159
102648
631094
767229
772474
559077
413847
179765
163019
266247
840290
253155
913544
702359
21395
536335
43590
601769
237138
344483
836002
916267
311455
601556
487647
487946
480329
1843
358384
5902
377452
941877
224830
182888
936555
720762
741626
753360
13740
314634
279793
572988
776992
845980
940220
118459
935322
942631
141055
603287
882242
93020
147029
64595
352724
604701
112411
702073
328491
717634
676829
109893
799788
591167
314822
364199
630181
916607
557012
529858
238292
570291
740163
529107
68047
219616
119036
404761
220790
116820
295597
672996
459169
403830
431141
551670
408976
287949
316731
709632
952399
649277
782243
627706
106870
204151
714072
287618
431872
13009
726703
147989
585958
910658
760772
31789
769136
1655
281180
311726
471684
437293
795668
258295
87606
587346
40290
345791
833149
331008
972345
805781
53100
389272
355414
217551
879576
315480
615746
366327
617637
116543
864902
979609
195113
67880
450044
389367
310346
157663
811382
336781
775824
271605
826194
644903
754710
638058
438208
669671
201616
376826
737004
77837
369509
865719
618926
166202
732824
158880
621923
880050
101778
844416
475494
565471
238894
527697
37455
554546
376665
41799
686305
10253
63846
953528
191740
427928
871890
600775
634989
361358
44747
29475
21085
188456
486009
843037
302112
137928
487223
466993
203251
673194
180073
110268
116870
966326
913895
64616
200512
286913
104350
955216
86671
317084
394208
234564
621069
468105
672248
126889
627519
307638
765538
455790
504978
952929
667875
639729
307890
604903
619893
575971
923497
122156
356646
776426
347148
286576
976607
565654
756117
360105
68688
400456
634827
697892
369295
786769
244019
345345
358254
55787
526322
600531
864901
545412
618619
810852
792007
907260
715321
687567
39200
160850
325844
422670
32919
348427
850866
275678
943200
155155
221402
558755
20845
323377
440601
488322
401040
950374
933875
873483
833478
297914
460666
816767
535650
695188
233117
524937
290199
961694
587934
296414
918733
616056
779936
238926
267830
135007
107284
800754
422187
542101
831048
708114
144716
495648
957958
978435
975388
525929
950430
258541
883205
938164
156041
518296
193187
779472
987207
539935
174043
602695
678169
438833
261822
248088
357385
239918
744732
690581
775775
209963
573693
809265
407203
152610
228400
477593
847460
549539
688025
32586
545271
924027
117590
177768
267689
935184
338602
164816
275887
840910
968246
554076
454460
666482
474620
716019
666878
877539
194639
702463
353665
303255
178690
988169
733054
755943
923343
733910
419890
888507
200644
818318
435618
992385
247925
732677
417201
776675
640612
544107
257631
671611
272941
191401
920686
787227
219352
834037
194762
62323
22853
865485
288691
882317
125543
860804
599273
260777
329929
99394
143414
895997
523534
401184
469814
34402
955776
578902
53172
201406
755236
49374
902254
741071
901779
180122
613670
314091
677523
87148
166833
63395
637727
466758
636807
936017
729975
418313
280174
790056
231421
914854
300795
710577
902238
386579
115184
689659
356879
706366
405396
227348
352063
22556
20508
104808
369310
139083
390676
827200
992443
681720
350447
858353
343962
628299
219044
521382
584046
919595
351649
199409
725313
307475
490440
193317
256471
395188
866675
351626
396581
813112
526685
494727
915765
368266
129564
7125
236299
426834
531372
897376
934645
377675
33597
783685
8755
105563
345463
959614
356407
287324
543141
449360
366212
212567
362180
622328
427903
147359
698632
530874
354811
584228
880996
411827
299247
116631
520274
72758
356176
97292
823935
645004
809598
240093
892524
199072
58014
56041
394554
235011
881474
915397
457434
394144
953076
862674
318404
777438
559976
627217
402994
285309
816500
954104
936302
634971
49680
432957
521360
142391
812587
537037
284073
92364
238802
679007
475812
793049
131081
63241
327364
655171
671674
967526
613912
172157
709317
193256
801119
883902
267504
105160
170838
233522
133875
492218
115338
12302
828430
16009
51042
105115
81994
650192
366581
707752
350542
756118
255751
937311
626209
612060
503553
483783
887978
180318
581259
255763
962776
843942
224383
727315
236688
782177
846661
296891
925830
189393
398096
181267
444046
971297
965687
885471
451200
511751
258513
345920
478266
56042
509674
909813
497915
787270
574025
219765
600313
264543
156871
503587
325221
256481
768150
877219
606323
358749
921687
452503
228641
215596
395837
949251
316208
26555
891280
310883
13332
828503
796311
601284
730473
972647
984062
297024
535998
510339
71073
142934
463642
594029
901400
172234
301996
129984
47889
648436
640509
468035
239672
374650
187481
986876
183696
636109
415815
163273
235222
463885
123520
887904
717223
370261
267132
905454
463872
900561
390148
556512
662734
824518
906318
554566
286436
369892
555674
264587
316878
76415
71539
822006
195679
656726
822126
952731
557366
913006
419949
718990
788634
359911
484384
480920
157829
346165
252486
996100
43399
449831
71775
816575
385865
982305
570773
597830
214884
61632
517554
50677
573997
876407
536248
770367
211027
208143
19781
441147
993149
684139
208538
376510
734702
511317
286895
720974
946923
368061
434151
920665
630034
642834
271270
424805
423331
894269
269726
630623
579986
144327
81078
882639
628124
595305
458306
3869
419479
540880
681543
407988
401705
982797
220166
376932
319401
110862
196518
968096
360119
653803
700269
273899
461598
229526
635477
832181
299747
556175
766430
62847
263886
705020
623386
100589
275524
690499
284012
839838
485586
726019
622272
163954
517045
934589
56787
485663
103894
45756
754029
649249
12012
488500
554258
858863
595001
428506
230678
365054
475617
675420
266045
802311
618394
76323
690090
175383
314662
550141
518747
627941
158223
367966
614336
331545
904855
282657
590632
129530
129510
359587
261575
713375
174498
490361
307199
537596
778225
715632
919717
229776
198939
425921
382969
735579
581535
943718
134924
623852
699266
203633
982675
413694
522817
131004
278875
813977
32162
334973
878639
405557
277579
206634
375137
999910
501294
19469
46223
690976
214107
907506
125041
419838
808165
904690
271158
536473
419576
686891
957044
751654
224764
366658
292410
59302
963863
79576
936681
616528
706526
873593
425131
532902
392027
952872
39731
529968
174732
337187
456537
120285
154811
299199
692448
836241
933625
647357
829610
786667
912963
307427
733488
412216
320888
407007
584483
689732
290442
179893
703978
125559
698996
733771
135332
686372
254473
317762
215058
718805
44642
873241
827612
479449
193281
397067
285314
352253
34666
346996
781072
484185
433808
438490
272450
862412
639391
826904
139423
321761
448046
518676
275997
608030
62580
324070
109858
798821
57211
789426
747665
766669
581502
714305
835428
873219
662339
661820
923867
333100
60944
416118
178291
297569
363483
848034
881120
75634
130432
617469
386617
458074
207493
230965
989513
920774
678738
617096
178213
773740
72459
875056
674384
369177
296657
317349
965558
4627
633311
487469
59476
259105
808320
861946
954770
483988
628233
379902
255188
365379
50118
130598
481723
664180
38796
794071
876521
673202
76659
967935
656752
936810
178930
365201
153354
816056
296758
466940
511121
27116
682834
217012
454107
391165
319631
215949
83733
39112
74567
947415
4856
185094
814226
293403
256358
644787
422685
596142
838205
823842
404216
514527
249548
121766
190586
90495
363552
345479
888170
620674
315543
772086
897002
836547
202738
474883
980456
913136
483471
910008
134742
691536
189488
623538
126859
242491
386820
755440
841252
478494
919685
766204
860728
260521
574995
383900
451906
602671
97790
97271
763340
611923
950124
82501
635695
834723
421185
981056
659426
121352
875824
532758
989552
540971
471074
412790
945059
400634
228575
546414
522359
559785
726451
705764
837056
781753
683407
764118
605393
591374
743190
639824
287961
156233
437928
237713
784178
563195
380187
676020
891920
399070
773130
627647
140865
481895
252086
851837
434204
740951
707295
580452
970971
734225
730954
49219
212795
428842
269954
599090
343318
241830
141965
836320
628166
713986
891467
212157
295205
215742
544122
997186
550849
444150
369095
266428
508673
295011
668904
43160
339069
63552
731303
813721
103382
243714
707854
774943
943827
742512
114087
937734
161291
288046
987941
906073
323778
848662
598375
833361
688134
454830
851809
262508
632152
966370
253190
393439
772928
10085
775652
990465
734963
228997
43290
193136
218958
335300
323411
760193
675563
807039
769382
45567
130509
487064
964756
712608
865597
306257
775054
901160
125108
151376
728491
349502
626682
536734
92081
368294
464629
104557
493578
534610
762400
885013
714453
125646
840947
284273
45243
456834
616902
667011
181888
107859
178905
271867
415568
793233
811303
461576
602551
842942
112015
558226
286142
754239
368463
753788
490279
32691
850656
167800
297625
377047
981113
4265
635693
456209
809783
870317
605851
453460
749861
984629
415986
584726
514736
879110
475062
728351
617127
148750
377927
731698
966971
140869
84066
854599
60193
326878
859905
325042
808841
126195
162263
301802
880304
931972
331247
529129
545050
920359
484380
292421
637224
468624
797111
696600
146988
559184
87778
503164
2014
857595
345547
799101
855537
650794
714265
249146
631198
716389
727693
235612
548288
420966
616415
188207
669000
793702
973801
782304
204524
295089
584175
428544
184140
599317
174490
581706
738572
149883
829518
51145
203314
174573
695374
767329
790343
105864
790235
286514
470709
585120
716868
424742
28425
60653
543066
30073
43471
959203
250098
245973
230473
128826
970499
493567
384928
506174
692198
442250
364939
726301
519391
150782
427741
546807
428654
990316
855357
280580
301820
446499
556988
302670
165483
859948
648381
121889
301696
996859
372249
819832
548543
694156
38146
992064
872618
994258
506036
317438
775467
236197
139324
332930
958739
536990
371590
281743
928276
622710
754249
962059
609153
818678
305004
612389
272755
863452
526484
318424
388663
91212
901624
823804
355378
800375
879209
920922
795905
780900
804247
750097
913716
738667
639621
24498
930183
160332
666634
612599
612455
519958
804458
259107
385256
871442
539582
677516
416671
635046
5478
534961
187058
211306
119839
550735
987909
44519
86963
234723
760533
965881
756063
729409
243325
58030
29572
152110
631123
347035
6236
928612
655276
652875
350483
958164
297248
195037
204339
812886
624196
909936
999963
109606
583146
494258
101332
439831
704237
449363
327940
154640
783815
73951
691077
783718
614526
837561
813849
847219
127483
753613
830052
356325
516120
744195
913465
8825
298480
898837
358988
346780
875321
596548
646186
528960
587650
945852
728980
303306
109142
569993
35073
661346
612709
914502
941483
651217
738122
883907
209592
940916
640862
413212
902974
608809
165623
731781
273222
652400
162025
983051
840470
788160
949186
732795
968660
946961
258168
106138
242064
449569
617230
292376
518552
228761
221896
958586
88119
737411
588039
278137
863014
500527
504389
564492
362793
79120
431445
768948
513250
658361
911121
107182
470717
42910
382757
81796
693986
453358
56685
703250
681883
153964
266641
839154
56026
161813
355972
327879
17425
363050
832746
854748
261156
865698
2463
422610
973128
9273
524760
465085
58063
678188
641302
86493
744940
419095
246592
345358
522176
11922
161547
122828
765572
920474
541936
316155
460320
799662
796889
618951
419160
840574
156634
818940
250944
565343
213055
235660
584796
772619
671747
206700
746595
113399
274539
573352
972534
528667
893215
997068
55646
305876
391215
685655
59310
767097
436995
426451
608794
951999
759561
732950
572365
188374
798748
136925
142389
930068
624771
928709
251016
665557
142961
497389
516311
113364
142058
119521
312175
720577
847107
374803
91731
644844
518185
957570
926605
986179
834292
45364
880512
935683
306284
184327
939647
313559
526578
700121
324767
525560
465430
223386
562176
922405
777310
763999
464801
773355
332447
867946
579905
742789
769966
441503
378912
399221
175389
392094
46530
182651
340274
154861
385530
662017
174954
869460
418216
641119
175688
641391
487526
909564
601929
685675
235576
671843
674571
545836
54621
475027
598102
171771
241418
942980
867587
865393
243054
530000
219882
417457
739197
828191
401643
549105
217617
732145
449312
316369
905025
582938
387182
235144
26643
356253
496859
869540
310669
213925
73566
863582
458468
576313
35332
227338
949213
951047
259028
335667
641815
715257
604657
450785
198514
194742
478598
769853
955386
41558
185356
250427
297492
357734
218632
69013
381972
864628
712210
864274
358240
754197
964741
752241
233348
444884
123954
408273
141914
680860
549144
795480
607796
951429
50900
915238
152020
646203
461303
762372
677066
503560
911770
928202
799266
801254
34359
648426
188665
104502
738209
915472
421054
434306
781471
343396
102355
365856
874164
284285
281239
887780
695437
406864
330770
998536
619179
894390
983965
241334
445726
619578
872705
227573
128908
77505
237096
157089
881075
752218
777045
990325
968410
834534
898230
654359
936299
201792
652671
492435
799889
310526
96856
287333
714091
823279
747461
167147
120567
952853
544500
175934
205887
570657
809038
956626
482283
232014
50265
478598
665888
35268
151779
686991
228575
761776
234340
748779
453653
400517
472779
833755
111414
687126
735749
312025
604587
296691
233313
762657
868852
648370
166976
573468
909180
662098
191946
788072
789411
322695
696965
964599
444760
122095
745289
894915
228104
573408
838679
100108
585493
688018
483822
298225
275049
282209
359949
192477
81164
205117
461108
726440
659604
37290
826512
60907
146902
264399
723422
101490
717393
323906
484090
365866
575468
44949
762710
167523
277632
914280
75700
314902
702082
955206
632399
425631
562404
996716
961140
510567
142033
52626
528192
387058
557229
184965
649211
179060
268909
938750
331308
150652
781075
911018
57725
629364
10172
760660
850854
259554
304305
895845
57291
161239
6321
706744
287589
958044
671533
524674
11641
342699
979623
764073
816618
684496
805304
521416
572482
890340
146704
623788
977889
382076
160260
708579
865528
591592
323073
761253
905406
647916
519688
772020
577000
725622
134893
382280
892153
567480
19180
858705
337503
466210
917810
108841
600894
433958
463751
982599
215305
959287
982942
237039
231574
862947
124252
493244
355934
655943
969131
953104
333484
302892
93188
473349
928589
409940
617413
36291
720455
192032
564442
67096
764974
510749
251579
537058
888614
832371
106825
306345
445251
562402
578913
996965
450816
808467
649436
862041
914542
558654
133534
839484
376357
267054
628915
936276
314184
744546
955824
350573
626945
298082
120537
880358
957913
557234
432244
583214
601255
745477
728165
205807
477245
764496
240498
529888
896234
613812
214754
82160
523719
770998
449793
778437
907074
969598
9376
232439
229807
135098
508406
684184
593515
761614
653020
747842
245769
328771
376329
874340
870462
45197
276535
892169
830081
446492
403891
276323
951464
539981
692838
771181
587589
589364
658803
321332
754325
985124
19322
231891
675819
959328
805860
810545
832343
543699
4602
945900
368727
528144
503967
878214
138278
899182
517541
5006
245678
716080
560878
117459
423793
984449
111785
942587
502527
797995
554366
77233
660566
425903
201662
782153
731742
250504
82544
378382
77794
657906
214193
399972
608881
931361
394929
778146
443563
660931
620971
151953
581519
334271
208943
381052
170416
938022
333223
408103
548459
209597
758199
566874
937861
412615
101945
890344
58345
73295
730922
742786
437807
700703
86205
983060
113697
385416
842672
108271
330086
63521
37919
368729
504656
202933
520934
120572
702717
83264
164497
904578
201685
139993
120808
631537
978208
627856
833003
253057
722459
820048
48031
323058
42492
204466
373873
444715
702791
804009
744729
492866
73774
426328
532720
454327
465265
573928
946316
292118
244877
488738
724442
346215
512725
498109
809630
954619
545886
749464
640231
279057
656418
662148
971306
935336
495842
10025
523340
882890
768047
668304
554046
757343
501282
437354
881742
411937
555082
882397
766468
810338
750445
70188
503985
437785
471613
613711
469235
797500
192402
432280
260126
618066
291855
182785
356673
958791
391917
515977
664800
593728
375896
765965
434473
988866
517607
632327
987599
720975
376779
180441
33043
415977
143016
963114
989379
720922
537248
113109
631117
506074
486629
117361
402073
721259
624268
215728
940582
478825
799265
13598
681642
29250
773920
140323
854752
700057
4480
810380
881292
463549
699254
851809
157223
918613
726551
628479
345531
787357
321850
368032
623395
921289
420972
219595
773652
895
343471
965384
714114
78544
202259
341074
604963
176707
483759
801284
713829
156741
315433
153899
422287
154772
104055
325303
562907
492895
290124
666570
7073
751416
853692
99510
246540
44569
324522
378075
240214
585677
788030
859622
114067
784055
266517
421677
364186
126065
129768
245878
435406
966848
24889
799955
22969
187230
421298
471122
71583
700279
224115
181472
788526
671562
731453
81223
721443
816330
946400
246625
450163
961355
408270
766390
4353
687308
545074
163606
400921
596144
345940
638497
724594
87068
622178
628117
134821
935996
192652
891709
44966
817891
930395
749730
950483
7000
665450
444854
304886
943175
766707
621254
252147
580047
728244
194612
429310
505974
559216
522202
103966
916052
417431
664256
258575
288028
577901
983679
430099
638404
386215
756235
149522
587631
686233
552004
269489
227034
201408
418487
188562
419465
311521
346421
276434
356035
319519
660785
161742
747126
570099
821146
553174
762863
40018
162225
324164
428803
509232
297427
953359
380447
31820
664685
715254
187115
885928
386959
956699
957793
894182
231778
310308
275274
664583
621402
363247
484785
390123
704942
8427
997018
336135
481019
302086
800115
993751
959585
941340
165994
16014
121588
729449
888880
115258
107406
626871
678753
922259
25899
235243
193516
392228
557360
740870
60273
119194
22552
517354
380469
967809
424600
270661
437869
818658
150475
815681
814138
131160
411558
685722
703222
631436
870192
486581
321954
904847
170404
577929
767616
741121
340115
402660
47274
709851
991323
926134
968817
449034
433882
463804
409806
654490
664963
19810
1162
355525
622061
472083
178895
999759
172086
153279
112516
516635
347614
917990
436319
344678
905782
998149
643112
504615
934795
245416
859067
622579
299815
521190
489523
601927
524723
323670
894481
237673
268455
509303
874083
127935
928754
354278
56576
74094
8065
341208
46978
655541
840252
114996
326960
202921
699715
99501
437232
571436
140133
397251
531743
815721
556381
415882
167823
896402
533651
286665
258016
235756
613026
450954
50608
840377
118134
677928
986630
134390
203104
567282
216442
115569
925445
782326
802119
549420
344508
110850
361063
657654
434635
716189
931711
439160
251724
526802
885629
306701
682969
894034
296140
721296
979487
211881
10214
515807
133872
895113
934671
942121
188166
470841
241372
8583
856251
840015
324435
997422
744789
213564
667876
850798
599248
548510
318737
101728
65269
66011
913662
950998
188382
858235
946931
932384
800298
727893
102280
900955
271602
202770
476229
247225
794164
378002
674390
293205
991833
149380
588303
110413
568131
605093
271450
87196
294300
170452
817889
939848
99087
398918
995174
64300
43958
895539
559406
254424
188205
456856
85261
537644
298949
332079
742413
71415
287125
996889
747142
82757
701784
634904
639552
293384
513624
406994
769896
162963
760045
372904
963297
446124
14539
672840
162622
586071
477463
606252
309961
692533
17518
47728
28537
626848
483690
509235
574013
751363
678352
454959
260371
702116
980210
459009
93233
990622
747687
713086
767828
271121
281817
498933
793993
746446
775339
724890
547200
539459
738098
666799
373826
933713
34936
400858
875301
258785
129321
349676
545736
211497
848777
915235
294294
277418
888499
691338
328710
71620
593642
148561
979164
707259
489361
344288
55632
213663
42660
571224
781954
83569
377570
350519
527031
808352
590508
30518
554840
331505
155494
357617
73647
566192
568518
637120
566115
605995
610258
313795
850174
28361
39890
119128
788601
459159
602213
613877
450880
699934
787519
33146
233379
784865
398141
469289
871510
950667
300077
813371
296925
682758
221683
704343
153196
334221
556846
517451
594949
549015
348763
943631
985992
327464
703374
288260
881115
614240
707848
351318
634145
629172
947693
103768
271566
704375
102643
399989
900749
864221
815666
650891
960743
615924
880690
234959
643694
608124
773474
33897
180845
945546
539442
927291
171754
333755
737273
522679
885144
100893
122297
975521
847235
855829
554904
321128
617540
696504
547957
606914
806137
143218
90689
419005
554736
647548
940889
320516
813618
328879
340007
634907
5012
379230
593929
98619
554988
935186
885263
298292
348508
536185
46697
255010
250495
261865
347014
848809
107094
253563
185449
357523
829954
854722
332931
440821
993808
236618
629169
984271
344536
440170
69854
568251
298364
774741
243285
95004
832632
505870
478899
779891
219040
825524
917829
247398
295687
680960
604000
502121
497839
409821
855879
804144
747328
973270
924461
355285
83682
255787
167722
236494
980470
309845
751221
64073
87874
300881
87861
703740
610379
13730
780461
840234
750251
957343
188579
837633
690453
314474
54497
600822
755271
135955
564654
123135
895446
554784
820179
140280
679917
258778
16769
782447
291697
615787
40497
444117
454009
608789
221137
63960
22204
837436
802976
711848
341553
568602
391460
791325
572956
515531
168504
534759
961374
944168
835454
319396
329310
378572
844228
799683
163143
888089
395004
679053
181054
922516
419197
376543
176202
743540
856540
926604
723581
629527
530635
416643
398469
487817
698997
347571
864834
172070
457778
968393
260454
235617
87243
805624
120459
519941
5357
765153
832388
666553
699716
266813
528206
524566
272673
810068
466569
501243
299400
877537
392325
609265
336026
676150
801689
760972
228591
124558
357509
747915
947136
579396
645649
152514
999599
360558
383872
287998
678625
96047
342430
913600
682392
638902
706187
104009
323719
27689
922644
825239
401590
620310
265726
666782
191136
816130
671665
847974
277904
675489
283104
367206
564033
573328
861086
284074
400355
914067
88692
704633
623411
183988
650668
172769
992579
289859
265201
452853
899605
473359
963298
535324
312119
930733
720314
748182
550505
258514
482
353469
468856
314052
381764
878201
423028
565726
363859
669163
678781
606953
939574
605945
837414
502604
165982
891244
102616
118378
768760
87923
402144
183289
764765
318480
712610
883273
330690
771233
622529
611275
330371
664860
641158
34664
72863
802565
102679
232393
111864
994402
936478
813355
498305
261864
810378
678188
605688
241338
591868
663978
552310
665701
273651
160313
494862
314752
712393
406367
742481
911965
62511
493638
395085
920535
694045
424591
669023
331090
769994
922046
423781
135744
407429
941012
376513
618278
261220
330815
759876
616074
758437
772948
491454
854272
822145
507219
400083
855284
776733
712282
822877
938109
68127
1904
982046
589226
407719
865240
738138
156783
611
727391
616892
871717
667684
552084
425538
804891
635205
684088
978195
834660
437330
791488
287585
693207
774896
199839
773568
962855
312050
153369
376623
55665
633226
906984
273058
380460
208283
531113
958621
689448
389646
113950
599808
724476
409371
270659
34810
200979
354965
2115
822869
395978
45016
588386
411980
271683
704516
50834
86020
430830
570524
653672
255302
229453
76590
748338
176927
301110
415724
63327
9059
779477
138523
590248
185854
136101
688626
831574
973913
193039
47416
795449
184637
169117
423156
152182
460542
44049
881688
88668
6341
422486
192276
499176
987339
941446
648223
239259
704695
327336
97504
147766
47668
978558
273848
422223
909950
501175
485748
25216
740551
50333
623394
680540
53955
627126
856532
585067
124080
326443
522683
889087
643303
970671
17584
11818
921485
479000
835959
828830
255489
296222
362058
436276
271511
890753
464914
122004
858011
878810
392115
285306
342432
196133
444090
463574
943636
193597
726436
396455
697475
383036
684137
525708
564138
398142
337361
221667
271130
748869
941071
349483
304157
839036
908926
449752
650757
893725
552173
884503
308288
752673
101221
14692
94103
302970
651794
278976
125896
126706
532306
722809
104355
618139
215493
670487
773396
265383
408360
500512
240657
338035
389933
498938
291733
579433
135898
529265
28611
661214
209181
948285
950479
518222
629962
7792
268113
199146
939370
859718
435270
667204
570515
807047
399770
316396
879579
31021
738411
517993
520566
551123
599944
154047
940268
546903
499677
416014
888290
794905
2025
365466
85313
737250
423643
766
974926
842944
86539
91440
456687
604307
170
619102
195679
249808
14436
381468
273883
396730
869916
456021
523298
748673
76108
241662
795390
148601
895467
115590
286711
289661
146299
820485
557882
92905
991521
485263
140018
541741
864624
6467
741885
117858
11140
179877
555443
204618
879662
189245
889220
152312
176478
333977
811944
282363
9527
624112
657020
306991
880107
113895
763956
69431
274166
468084
62692
888099
219916
283489
481915
455771
250220
750531
48948
275392
79469
491092
20751
543739
270912
466481
911685
466763
363172
856642
342177
337540
155197
729788
829874
519327
192711
631711
900063
862554
902519
144585
113938
277746
688791
679823
300242
634570
894798
841574
879456
265985
505362
344369
134003
521381
830280
288184
362123
140328
669928
552478
269039
395616
148530
320696
439950
706983
430145
725110
736077
339612
30183
396896
242316
825820
70319
693691
531840
963703
929931
118287
430889
12060
2129
61164
140623
461869
915755
981150
508269
489067
400770
456982
39735
161858
469539
52443
168208
501937
74065
269404
375277
546540
562671
939738
744637
429402
904097
645012
589682
420640
844902
543789
580181
804020
525784
924568
168409
292450
884170
657818
881296
28295
608633
912794
362653
378168
754171
1785
705981
448277
55173
520606
211089
452550
348375
624490
978577
57241
92923
705287
668159
753780
566411
350343
590834
276077
231615
16761
80951
464592
823790
397922
464102
629055
892986
699781
181548
4816
2202
505101
89549
722402
559249
580473
321172
771944
803969
417961
409479
824513
25241
635034
94062
715649
725678
341797
508884
899261
748615
120396
36120
755207
126138
883188
791339
563150
345193
70184
224279
196775
587024
203938
685772
628609
973039
918164
830946
441407
155411
436439
26105
766913
502241
428249
190348
23127
313078
965594
447429
273124
977976
783659
290750
668369
136493
339222
396458
930226
607549
232626
341558
409932
703952
18683
890912
437707
948811
91029
310489
417023
597693
762503
243358
111255
465725
540552
123459
906415
945492
976319
785770
684684
173522
784645
282627
355588
127084
630861
306929
711002
762423
148665
10338
645067
889843
101319
710224
363088
81361
512818
936130
447526
730368
704284
618738
863461
891069
111718
829934
76708
388702
438666
465394
518796
5485
308094
463166
278066
949545
606982
902175
491020
20906
198088
703621
972321
907782
774484
503411
742432
502701
632118
357937
922812
963101
350082
508627
454262
560260
336704
21345
538235
818511
381364
124513
811493
252324
532336
468417
923515
197385
422687
539248
311161
499867
437827
43273
226269
484140
942859
956472
408454
171255
902612
974018
942059
987128
72178
73139
272944
369658
792819
67682
578522
926245
661674
951561
407132
327928
796521
290717
552107
227496
446407
752037
152062
375007
396929
428172
867488
573859
497181
71134
782683
186476
942735
560107
236356
817232
452828
880528
824479
242705
447875
823057
927642
272431
841632
622091
427687
522754
937667
878843
413519
518750
422948
211124
386573
660510
387920
369634
918315
799510
27377
13870
721364
597624
923620
754052
404029
707423
490306
755022
451600
686093
95165
204903
721149
699145
531196
892183
413492
933568
694151
674423
158856
720491
254166
699110
647975
969997
99309
660163
454128
865479
429876
511821
564928
654169
383517
338312
605974
832167
557764
938035
667799
167088
48119
339186
126585
846890
717572
264207
725875
378241
168543
574510
325814
828596
558450
486278
10158
793973
698612
591361
962364
451410
302584
906337
987783
595532
494268
647481
614111
661954
188418
329849
856987
167910
361626
171170
998327
204603
730557
88638
55809
670419
100045
666448
620853
888198
182653
323497
717159
688861
782774
352195
282929
318044
658116
725399
815789
259548
630317
381782
204837
620635
871888
682164
253252
284816
114829
579173
294945
246721
462902
615520
402681
425531
493353
662776
750614
289932
760358
389956
265873
740825
160466
161950
409362
502493
152651
713423
624410
30431
162077
421325
9825
76670
46019
598924
85417
523997
818650
883292
729052
155550
772529
181463
21889
310954
736829
765117
737024
241715
996482
149979
926992
774869
826471
453485
228658
185590
484805
646811
305489
308712
413236
468800
431039
76478
37278
816003
974839
299175
984217
288079
292736
756620
952129
698148
433028
402974
20152
872506
982746
812275
725404
717089
854905
473528
518418
615540
450978
194855
29077
740001
917652
411377
511262
187343
748411
475864
289962
603828
412315
664817
903906
1557
25892
259222
183376
768463
709517
784593
39449
652764
444376
284523
9441
436916
123192
970440
718708
661191
922039
688405
509978
303028
395187
805057
721074
662670
415288
952382
916075
179849
607354
242396
674812
743157
196737
856338
550189
392925
82151
295944
384051
12458
386681
10276
201853
640904
357091
61403
545147
881581
525613
284904
630993
391189
567283
656085
978168
671379
201421
434173
341474
62626
865927
720611
663388
294250
361698
392617
193500
234729
655483
309936
877328
824318
655419
866039
510863
464944
502169
616956
498872
552477
522830
853325
161269
21149
453577
519250
972770
491795
198514
700663
123999
384567
875327
815605
731164
893742
789481
807596
912070
779141
153189
626834
940658
639446
239887
48432
236959
502711
873446
54992
907680
421378
307951
338537
661095
987609
540116
678791
937306
885106
935652
417104
36611
375258
786200
208914
919096
222751
549236
253329
71386
856416
647148
76642
115171
608734
600403
991552
344319
232149
819556
28
446963
839819
591189
152686
617283
343177
355205
483612
567642
580488
331090
409633
233862
773596
544243
919580
110331
157121
837216
728532
618931
554483
253464
924562
946786
734434
20477
299604
666229
327667
865166
171161
985113
18551
833870
281966
341946
387145
670767
217608
770327
893308
1628
911396
465776
874774
75305
400089
294293
396218
962699
179904
653172
772745
433736
297726
870160
222436
735028
496623
813089
617184
691809
657857
177410
601107
844062
296668
560153
556603
132214
216301
228411
574261
796249
304643
24531
763030
794241
390678
345784
454326
539537
656243
501942
772262
59693
793424
236383
409533
941323
136986
847621
21508
860109
948264
108707
328296
943462
851304
297563
464797
278336
543699
589716
217094
99010
976953
919441
778372
958685
875389
461861
67282
89383
423184
241603
779001
269510
113661
518130
489900
299665
78380
484549
388455
717685
313243
14352
390430
162590
252702
888726
223037
291661
294704
274434
264348
102459
743708
179908
222899
635014
716497
804277
983563
957433
243420
107420
84158
715315
644811
958501
531221
467281
525147
296948
8133
134044
648186
22764
302401
149904
594033
489407
718095
231802
492411
455997
873378
653887
70704
308215
737565
797637
507594
795229
206975
175871
716167
295234
338544
292591
104290
824552
184473
163913
149893
63553
717332
190643
672089
15578
578612
832182
670418
753658
623444
538012
746867
371078
137545
453259
421319
657220
429445
449754
265652
979867
310418
824442
695214
831370
166133
25316
784939
595810
485320
706101
25542
369223
99518
390891
225136
472746
903540
860974
946114
531428
819461
878976
40263
552873
378396
313640
641810
280749
628614
41317
939913
381837
106121
345457
494211
774120
367346
312039
792257
794064
574485
817240
741133
274519
977538
239697
480690
565656
946977
893298
254707
386459
330513
730870
637938
353748
383455
563289
434045
299189
769997
185540
177186
808371
191808
762886
668393
864809
688634
835438
394140
198851
597013
569798
504591
902084
912898
25872
388734
43612
126020
198104
719789
347676
321767
60648
225710
168550
806998
512536
125829
20917
636335
299388
508290
62552
870198
179280
518253
678382
874630
281319
741781
104719
402899
996357
297678
969147
190507
662635
11823
51333
438342
170591
484460
227840
828263
935298
166714
679144
242903
354614
326726
76616
393473
664425
393203
278898
28700
686270
95283
975635
406408
9031
503551
313366
953145
203200
235593
220804
191422
961455
286781
666047
479102
907800
144419
140600
866570
305365
984847
539654
443174
976799
646389
650712
462710
537382
10173
856115
93027
846379
39063
163015
784266
615326
518890
238471
283784
303304
171038
979337
226005
886376
683868
435568
433448
256717
660876
814528
88955
528408
42286
406622
963741
737154
885432
778380
709533
155550
852250
668485
363355
277004
153876
971262
377738
943469
688658
530111
2004
147661
375509
308014
47541
557083
934363
176033
750770
3635
580939
919261
707074
534361
298698
586525
867799
64227
144537
584623
577733
192019
324644
652180
215234
571443
682257
172344
136368
719335
251179
328357
166398
595305
983183
356919
759337
714883
206567
997322
801110
88471
985606
176871
302454
579765
286332
421964
797377
750887
739206
537974
440816
322339
635949
418819
15805
325616
443964
188293
484796
358531
598527
641427
809808
319026
891864
155275
506320
534672
398934
535977
924570
705131
653727
267559
792962
290704
307351
434511
779980
909861
422242
772127
66460
662123
354312
919207
781758
221906
109663
892214
233450
288859
7949
489024
253629
121554
352000
324197
167082
308498
882170
125854
152032
33433
425001
539870
823149
269441
743420
262281
328359
538899
922779
409977
993103
606546
962779
279913
627590
714178
574232
857728
697348
692523
892133
469919
658110
527581
231727
18762
645920
456093
240320
180963
562869
997457
558891
109549
806251
938943
522216
329647
389331
405230
898651
161111
232305
685657
3867
810772
430852
989431
615531
929274
140065
875082
698436
670410
515661
810976
391203
505652
668820
963667
86332
128588
909411
628561
595667
249933
150723
261317
667858
218783
903785
878217
472764
30486
955045
446308
857516
889728
151814
578203
178419
388216
464171
845975
460453
312933
282306
274593
50220
370476
260022
508607
377188
166834
996142
294740
554869
397995
311549
418319
944958
523641
747417
340972
265980
417914
115512
791279
756216
586678
595867
740631
474996
682317
360476
527428
620680
519052
457478
502919
134620
920805
466344
859299
333910
528770
353388
878369
531835
774661
996209
145214
41629
811103
735117
653806
631006
154438
292688
15317
984777
571430
934503
896546
809454
221432
86139
582160
499194
875343
744563
920878
833578
330823
944037
688790
676519
225866
597877
920817
490555
67655
36786
507939
486017
959835
684056
826013
249934
334767
352975
361405
107599
14958
635086
658200
658843
410450
405424
766096
985561
249850
432826
273916
134057
972964
614949
134893
971951
436453
30129
510125
479982
889802
351602
118418
435670
457194
455559
105584
909561
644225
357698
126766
907769
60943
654110
160938
719136
376320
20613
342669
534262
443810
814729
319104
641349
647682
327019
971559
77815
590132
654442
300986
794832
416672
92115
945549
164053
910165
43622
901066
555328
583563
680280
671301
1665
987624
944987
898591
136383
5535
615138
796891
845341
368706
395619
174544
415398
5199
210498
433374
566746
582842
725085
947730
659252
746966
506297
773949
302709
254544
321776
309407
805890
785486
515242
954927
840310
491912
590075
17286
638399
615197
112658
702659
59601
594141
703595
234238
397221
645733
411936
313468
685077
341059
468669
875572
741830
647359
818372
674903
372867
919374
745634
713881
619451
525475
618327
171608
580515
593989
199809
215744
329691
708269
549955
923629
104843
46276
549339
425793
659279
750594
533487
393866
674093
361274
163798
968083
560726
693675
457166
918538
397526
756019
482888
483864
887227
205641
202868
625260
360181
218794
202033
763920
26508
159401
704982
1718
613681
69215
202371
333385
713860
825597
552079
40680
117622
854260
410797
851312
827271
99345
338048
428515
897185
598539
91516
928863
288917
948379
713200
608857
835201
740337
280870
697775
914080
733845
842034
808526
310914
731845
663843
969262
984004
976019
765586
263691
707476
938923
685884
531628
233030
392209
489332
546736
518809
156401
658241
528676
533005
516892
610951
946353
793918
876496
711974
339261
311954
342206
577050
199080
509235
718486
774117
964920
960782
918231
440974
23094
835055
635769
258463
23522
502270
343415
731023
750111
365040
913515
352105
45312
474695
883057
442836
140160
447220
561615
560575
632528
953429
161013
737907
746897
110059
191196
255577
507728
237826
508530
412719
694455
161363
491862
944567
713991
939620
774474
850353
550593
665412
974111
793846
924174
278735
381495
279393
194270
196698
302975
374640
275506
88548
361223
104729
238916
333559
795188
726778
927623
517427
284315
944354
8657
958527
277054
879182
784288
867412
834629
16745
743847
301630
637393
862141
241563
223817
246206
512378
70534
720063
32037
330878
155326
614791
399967
417728
154539
78065
110978
854768
299776
296538
615303
17874
200940
355085
443568
803854
63666
462610
781335
195468
769042
653791
23175
691471
590511
113985
380993
231202
644107
471110
109717
526683
199637
663679
594035
84539
318459
435945
950492
641135
130809
308395
859291
120370
255542
774419
308599
479736
456976
340219
263486
647839
203424
221526
45678
496179
901421
802722
828301
868710
61849
785520
993449
959702
175508
956879
221304
7082
459354
541943
62476
928356
54680
239259
544091
271882
538473
408137
84227
216738
685565
802405
656058
674979
477798
1373
52993
843773
235377
528417
203887
618470
644325
968272
765615
570224
603356
817960
797175
110819
908692
886718
468314
391683
745426
367497
139026
728445
956723
686081
703032
246537
62075
136517
495690
746255
6211
112589
774219
866333
240540
773731
346890
672650
509923
921878
678771
799574
413009
279475
129829
554049
501784
123830
404506
904996
481067
126012
123687
196148
74634
788623
549029
448353
116867
284869
293627
293050
552781
992168
57958
284365
59849
850766
549052
520673
178998
735529
449457
362843
751830
476223
606472
815045
698923
400554
687298
173217
976529
711044
937122
983364
148729
570585
752930
392085
936954
255552
616471
586733
137759
770265
845073
469127
6092
252648
629562
779745
757467
954014
200239
129419
251012
432987
949636
394927
739285
821099
934048
59806
775131
535565
143465
886336
443996
99094
655573
259550
286524
339545
624222
917479
95085
39138
445813
846793
604707
255819
133576
165279
917617
710923
821044
537672
504107
193716
948001
319781
11014
505032
987464
193572
601683
701397
824807
712635
778009
81838
77968
557270
337587
402346
245855
553873
882962
191768
869318
367576
987928
603341
708165
882350
470378
107984
514463
608343
532498
282808
767778
748447
837963
581771
776676
811532
267023
245620
207975
646924
225515
238421
136650
921022
713186
913175
706076
465827
277684
639526
282555
152840
759712
910453
655987
751641
422103
548377
832005
698091
954683
799333
23798
662400
558900
810879
660535
26892
349768
44755
735676
764474
943809
273637
817227
552362
894484
78593
268127
270972
44891
596408
798540
427529
243657
773952
379658
489711
387979
381418
197412
90500
220467
587384
423620
824181
523593
873218
23292
880834
371341
655306
708955
475514
561305
238813
35248
8066
122259
835395
776484
71745
488164
116620
459303
599029
995956
889862
758737
739548
266585
628691
917910
900747
850750
237908
852975
563606
206871
14192
640108
49839
703238
631089
908876
156185
288605
594246
656612
738659
604094
551099
251092
916343
726985
609685
518543
82159
870251
347423
687224
633985
745270
450902
22904
852246
348047
130472
700551
27578
792492
570842
156547
520280
103330
491557
800870
629880
57345
405063
75470
933426
499239
114093
212182
833572
217713
298878
411035
873867
672069
60982
875217
120062
175910
683256
122204
352252
351475
445813
208895
581899
822322
804005
965306
760300
267901
123895
99886
71533
359230
808123
915180
558194
259701
957203
613137
720527
394842
749428
121912
241047
485353
253183
450096
653772
46226
487598
703917
336395
563081
977988
974901
622351
668489
874302
645676
280755
963508
726258
313943
119492
541794
370420
759748
4310
143014
194373
728198
917035
420571
860966
242310
115488
471975
374951
702190
1662
200428
143112
429875
556821
236159
226966
234266
991102
29430
519940
261834
151136
527697
76168
541559
762719
317927
667697
445766
903098
975959
39072
878735
82531
184991
246290
846983
461880
100634
66102
8355
180031
535296
448197
405036
485269
620228
456912
882304
246800
759984
854353
129154
139885
239131
815400
600882
930586
104018
596452
259040
308779
526648
270874
154758
489801
21646
790269
529384
677248
178200
462298
641779
112529
617475
620854
519027
525709
846294
652879
280425
504506
73775
53136
82217
94246
606655
49538
479688
114794
902144
151810
372680
959960
14514
175455
259562
939580
92897
586038
229176
697097
256401
883327
954716
451342
385613
908111
339023
625041
241599
145061
173650
265427
775633
348837
422475
640397
918277
94344
356046
194170
330913
640087
22050
639594
43538
58330
300085
826066
606767
669000
306505
637743
4926
711744
358926
360231
463009
183337
332123
42371
542500
242109
866101
351928
377511
202016
977309
193868
382490
655234
195784
326038
588158
120426
321119
747975
115390
188080
100339
278873
614649
831571
650662
871904
103564
287102
762284
950432
373413
823821
106671
231484
590679
656495
800823
564853
437738
868733
110388
277952
256200
247598
321001
223374
139534
345402
257524
103002
338463
414124
568547
790327
236541
876842
192121
222821
941732
371054
356136
633591
643337
307486
209460
49211
561309
909162
210691
42037
308432
112765
340475
118091
204089
360045
19069
286782
700245
232817
24319
133265
621258
724602
412495
200590
135957
40626
857406
252340
686468
553171
228846
832665
424600
385488
425043
505850
388628
333831
516060
566257
992070
357359
160608
246035
750822
348958
983795
423536
883673
838432
745507
955718
593679
629680
22575
632127
697332
329065
360174
792379
434536
125515
319846
658728
241272
41371
329776
48640
820665
675307
58137
410243
238050
110993
595514
981971
340793
378801
354872
231998
874107
522821
452032
964165
461449
772744
73572
685613
170022
392039
618835
813125
857942
539482
98534
152871
367367
44089
236147
226418
110527
771807
494916
247162
688829
664654
175278
425149
793325
981866
608440
841971
757052
136483
841634
674269
228203
750240
9562
658738
135057
638
365080
879514
328422
420817
409338
822350
158340
364384
766432
883854
670318
968545
379146
556050
906111
703488
708882
783682
578809
581479
341932
379127
229004
526399
599825
424211
386769
88117
144370
545664
947647
450555
685996
903746
675084
756287
599662
168910
350939
545128
628807
572257
864680
690826
844854
603084
630693
751256
242073
12219
502265
906999
402162
593967
687950
568002
695462
972943
648071
585697
935382
166955
431659
824976
537321
300743
112208
402486
140425
181311
617080
714906
258373
800531
945090
501553
568274
821551
9151
978887
194942
332929
562501
219119
762909
752562
485571
290326
324740
286612
422708
880344
943286
622695
312780
289055
459206
992849
212707
73371
542169
927758
783095
294939
601393
579581
129998
345390
846007
600214
559445
990184
988907
335542
868080
42094
551103
628772
296475
69769
82447
813641
672968
537002
634433
307282
864135
343440
824151
508084
491281
580945
844764
134716
476153
862974
995676
327011
835418
83807
861813
825961
469043
129118
613253
204369
872245
341412
522329
932025
938473
658785
12616
616952
959623
538483
136268
325750
282992
193513
338520
150028
508372
451900
619729
18757
262781
136328
514824
307222
630744
179684
92771
119765
37885
457632
171027
460532
205152
435704
185782
869892
866770
601716
851870
435252
997591
548150
441517
596833
771523
892446
991636
698588
821706
369906
804301
973824
925028
626568
255295
909557
913384
539207
876574
417860
228749
52174
518610
508061
140667
351585
11667
109269
557877
915810
655766
745109
314084
83007
326090
462242
743824
36220
949639
916708
225192
550178
886562
979847
678174
981120
730274
205376
463084
662504
10810
329264
82522
468600
194794
327408
88801
523556
476030
192507
125838
206642
588173
564065
865169
676404
260933
384070
488012
124793
8307
112389
568057
906752
423473
720318
684556
313782
94257
823612
289507
990205
415057
519393
475919
669821
897131
652313
600509
433847
255151
947972
650482
520761
364419
576615
347046
917861
51085
667188
22802
645942
381869
768053
83996
743371
653081
79633
848880
354161
205535
251965
919512
372311
32022
330705
468882
751998
100273
832488
850186
605686
805047
383237
159416
490730
510216
353650
496433
213244
571027
935959
903432
663423
366792
234478
462196
848268
826052
48465
986413
758737
886788
877715
353798
514998
441367
997838
217033
611983
897832
161714
728222
975817
784161
945573
360854
762678
729074
12228
938828
509805
983236
15300
911502
738054
648920
866664
35614
783710
737349
376289
165749
26012
257455
109671
385761
846039
458400
57030
709715
84412
679478
891118
380404
822287
578312
151997
216705
76854
391404
476071
858212
439005
638136
829650
631648
988111
346418
735796
141877
369509
461407
786106
872804
664978
51776
987532
981676
684467
29851
918410
814749
64697
439338
545213
102123
91924
833761
755995
419118
486192
299606
640364
345024
630761
417178
556569
102538
743826
402307
555363
808942
97691
956155
129495
986367
389723
90794
833152
937011
750155
216360
493667
288011
305835
883345
410168
186991
692082
228156
479463
738108
196554
239604
812579
211805
221631
923063
457909
924616
752976
842934
130845
791261
289585
439724
551811
255959
509007
658945
337055
860691
745849
1687
215703
440220
67094
208567
299020
702223
155344
523151
813731
535029
533196
584699
121884
739134
67780
197785
390080
877316
840308
276982
418391
898987
612885
139685
176666
113614
454999
356194
511417
919951
359782
231877
860809
709025
872501
144859
275878
490314
824151
711679
113307
186439
492256
881023
503540
413590
758900
680559
780551
879636
547113
401305
219797
904479
924696
671591
406827
163413
827414
898331
931216
597908
337669
97333
623999
991102
464856
763114
750359
754876
310167
684183
703888
933529
13688
491821
319022
394429
398270
425205
36999
916942
711105
151274
51950
110668
338777
512863
716296
470643
216568
337687
319996
556755
963784
781856
527524
253820
649471
235422
332348
306270
395107
906208
132292
538915
942173
567585
542299
541645
72318
996706
587720
920552
558035
518158
808392
334149
16736
987694
814729
440088
746332
605279
222364
803023
265114
782346
663136
744518
841549
363694
65153
467799
504072
25107
224092
751112
581126
8129
361590
635554
234357
418080
624831
919623
736688
178966
662016
467474
928647
758279
371585
183110
502947
772093
988457
219755
764366
676946
869673
847368
509367
513201
590769
656634
925111
394839
554175
797978
500480
728530
65734
930683
845520
753948
386562
745877
141184
940426
303683
593719
385014
17110
961484
690833
815504
129173
466691
292913
249452
495856
202376
743987
779460
79120
972722
158223
979550
674122
495887
940918
527271
249894
614011
973244
229652
681475
356287
311541
919730
548618
127240
748514
805443
815587
435883
865898
341775
533902
917723
927654
594700
892116
309708
521350
865499
733326
822258
330731
802937
379135
395336
677288
637480
726621
454362
408899
975092
11254
466623
48923
89952
25698
120620
518461
854417
553181
797142
506375
320694
127559
313268
39626
226538
952769
150729
474261
797547
349995
244198
607842
821889
668143
995211
446094
461065
230620
819699
319944
559577
251658
905993
699534
870994
108299
983149
791563
579485
537107
528644
955313
236213
594728
136630
337313
148412
417254
328008
77718
678018
116283
512108
578414
993055
780909
222490
831417
66879
939504
51430
6953
9736
688964
348205
933312
296737
962312
763920
830400
520348
218888
606044
543871
921530
626646
490335
620977
488409
614290
394454
519688
468485
323754
995961
266639
567644
525012
925055
766990
316887
169106
949013
435485
8634
137278
773292
922142
130925
477034
493342
173811
411175
549749
918167
685845
55708
539858
448333
927815
930810
615710
173317
961838
746073
122734
682267
101874
13140
706225
214787
274309
735491
566518
773113
734259
330373
119967
984772
182853
799786
141695
562491
181440
475601
252536
84803
665617
128958
945080
709844
222500
745983
97433
246367
235291
590816
626786
543024
420780
298380
925805
24700
760170
428461
393180
850871
957542
962118
145563
521010
793635
881428
552353
172551
704313
566144
616421
82178
793020
783440
945883
694916
912694
288342
892567
453359
213580
122842
178212
418767
979767
521922
519280
943842
636669
717604
621444
788609
211358
808689
628249
61330
587107
365792
965014
930492
834124
771646
704252
706961
364313
730120
477531
244015
330691
111032
847890
875161
940193
421789
685195
700298
62465
68289
776796
511385
689057
658275
489983
661682
46984
37581
771855
162945
137661
3132
935579
806331
766527
949644
222901
427600
506727
224975
296897
58060
231547
959738
9499
165748
727234
167175
903706
812602
785055
871091
389281
144818
333226
908667
305457
33922
237283
612975
656380
685359
435439
818723
317717
162109
374338
352864
188080
63208
108347
721455
793263
656270
611144
209039
129635
828026
69849
353825
956835
534776
31931
7636
777374
510371
779159
286325
809233
908250
910935
291446
636762
667835
395272
329479
308045
24036
129881
649036
185837
673199
485537
119636
370385
39895
457160
627437
517217
754716
223152
530964
234558
16082
976408
466342
536879
21868
634615
845477
985418
583338
108947
274648
642611
646929
48058
650237
197747
548500
262306
814992
307618
45087
969634
440228
327948
421080
323110
221871
636259
895761
198978
914030
462881
436147
237817
348083
720644
719324
369103
101263
753008
405859
474563
587050
964566
391422
565234
855203
561242
52894
281785
280867
762895
521452
304536
590529
430628
676967
20833
832896
124469
621709
426764
453775
773576
719265
172761
310153
525812
534547
334618
197409
144685
630242
210388
559850
365955
880624
608683
986829
934794
668887
82216
111298
809891
166278
973716
331327
114463
378045
544397
78823
360305
937696
258212
218832
396040
824101
181432
919663
745769
30408
293880
650335
116317
30012
254436
288968
673280
321376
122269
398610
591017
52459
506893
32841
291398
198308
723637
904608
119001
590105
795901
969023
176878
148856
390460
162332
716704
240013
880538
296930
378518
261117
75779
874841
575300
728280
374133
204153
627678
487465
257238
632579
186415
844490
911684
889974
344502
968201
356209
494342
258921
170811
700758
515772
813732
238442
722271
120469
227685
678150
402827
754020
216827
649243
194191
268254
66010
222329
888024
520194
870587
646687
155043
341773
583409
205757
14890
388951
783453
109652
368092
865846
481128
258419
786050
208690
451609
945355
577453
663461
484421
360291
409016
344072
372503
198744
887852
153562
824424
999788
376688
406259
922822
534633
402518
391053
779841
989985
316833
482818
701118
909628
419273
31531
164253
950002
648602
838918
315841
550694
869228
353313
39924
836942
386030
855172
173728
820186
626170
328482
613332
40186
671747
823626
848606
287187
798014
624488
145240
860811
457957
188306
715745
763323
282073
595188
240432
263853
912747
470812
733894
976561
448667
532473
645904
312089
283660
142349
120532
7438
383678
632045
831373
264929
101256
525315
999987
552695
686083
171074
131736
451008
555423
301435
700170
911096
504829
740645
587098
51156
549130
723208
7407
454321
789359
162320
650593
615310
645470
148135
386631
688290
985220
613228
961333
948226
694868
122954
362215
225624
635299
114214
510789
647772
934739
872176
69587
749630
433341
970430
160316
658020
970378
511913
882781
727867
373070
981302
188794
599647
913691
53181
63418
924264
90967
747994
31810
522484
795971
331960
193605
250776
489814
884466
835546
921555
739872
255742
193862
130707
388278
822974
470823
620931
550228
806259
232021
808472
720355
740217
55035
122314
