323265
352107
962282
980803
947959
637221
182849
279576
577895
450279
933817
185410
124322
784304
264748
773845
861360
986414
721759
291888
863472
93119
568724
811176
847496
261125
361266
375503
173475
82045
507541
772395
438426
364616
724262
334428
840377
288851
633262
72433
35351
307633
487250
83601
686750
111571
135384
955823
654766
191421
748722
852593
275772
520041
763604
312888
479405
836108
603069
749036
754051
636130
178682
786921
991263
165571
24137
122825
393733
628236
250345
363839
38930
287803
679080
964068
590501
771424
167069
581566
905204
489415
148032
249587
867016
121513
484737
324609
206940
504467
470361
84907
146958
33686
634002
358518
15787
853452
256794
214733
142758
579207
754078
408566
861071
903250
326662
91074
882005
632747
676394
285392
812470
426438
957942
38972
258669
457399
281101
673744
457888
117268
717786
500889
235957
112117
800960
765819
695106
771614
840780
847705
940920
83435
626213
181767
821320
415017
627662
899803
589541
19001
247439
292572
5104
179665
178590
993225
450123
218295
385947
629145
626718
680678
781442
229331
866130
524660
865034
608106
976942
138036
741328
29746
466939
427195
107687
957986
666114
109582
765840
197900
939058
942189
609174
963711
580338
161171
489207
391368
424896
563408
363195
44101
890631
538225
321400
301844
199463
872311
635631
156397
591789
957902
127792
244616
271919
783577
818819
640359
883919
386713
313013
289231
424395
397810
556997
351399
241515
543658
353449
247290
336651
695449
931701
993453
555911
141359
308458
315908
45266
949392
275022
497592
993659
739478
940676
509700
8989
181498
693839
820296
402342
342743
554452
779098
103204
998498
221569
461677
957852
888344
85957
125592
456125
562034
494482
662772
106489
693812
602833
558439
900169
588979
204345
933780
169593
630939
612956
220729
244438
900063
82516
201207
878871
373821
949111
181853
320356
418579
794468
936500
423520
77706
120513
805537
451587
46009
999745
394754
67472
222977
562732
496127
942288
923228
144950
754950
319452
503143
63198
395938
46737
332649
738204
942956
516267
817504
449333
122944
195556
157733
121103
945360
84251
28422
942291
155212
806074
343588
672540
668461
706879
82958
905923
31004
973496
626339
228330
69964
148526
441547
428257
377084
273570
519816
335270
213280
828685
410574
254125
465460
582816
649984
378941
636215
696801
549888
857878
506745
174638
176660
844238
102555
643943
348961
953575
401596
90004
675880
419663
558312
358431
200278
53355
408
444018
846808
472494
443063
589865
395866
136892
598344
31537
137346
181098
601381
787367
600435
827538
122461
206820
657943
199599
110756
18750
230240
662484
384044
760629
635760
238111
946097
701067
964197
255414
909990
573183
727098
622596
136113
333734
881919
909881
24581
316935
834169
373471
428817
461207
225639
681580
697716
782036
534993
516145
220309
675025
377161
779443
928542
940224
387900
390676
943819
917061
106166
976628
851912
399509
665243
301291
138905
407511
130885
633888
419821
533252
427794
696912
112619
244639
694780
488217
791406
852610
408207
258891
532095
496085
250792
174030
779088
945650
979964
172328
804875
873399
775737
787350
967403
576731
462245
385254
487227
334502
894328
493612
623640
41477
186400
159361
427832
357714
498144
669736
701514
643708
394867
390400
310746
824360
798671
584772
728887
871446
966073
858993
549697
969023
950153
384929
377441
37754
271626
475066
223418
949376
409564
898592
992423
8497
776921
168068
937935
641080
181598
5818
468701
80423
45039
21668
294554
110451
474435
372832
664472
903814
702592
493420
620066
853051
309297
470982
660240
367689
322315
441890
512368
629602
637080
619186
681814
640839
263599
594620
797824
981514
151264
927811
246640
485577
979011
807905
15976
442853
657366
890897
349259
123847
452240
415400
67713
963145
53722
875267
190915
315211
53736
699742
605973
983525
863210
894312
201040
589623
663542
521943
111048
892910
318721
900134
152983
447736
72783
368829
555183
2887
427893
332260
604707
56880
325220
590892
15995
254076
339347
849383
321971
71218
255107
770376
846158
56038
794586
863210
239545
772667
130092
123651
527181
371861
768099
171322
905146
243695
138956
620207
790424
634742
908285
277307
254572
112997
459725
987757
699943
445533
42656
228519
34224
239657
224682
26678
245937
151779
2451
628739
114859
221556
419763
642099
677865
786357
235357
178161
578402
63039
820354
753652
248359
674217
475217
741194
315720
532154
709362
58107
110341
473189
534518
582810
525510
268606
571588
451546
413093
947618
343214
786432
279139
405127
773898
448568
206763
239222
436516
213434
184404
75709
142254
895791
117668
785921
325713
171002
769743
198539
360685
697306
841188
462641
428536
269930
658730
124841
979943
280962
974856
964028
93435
702961
999983
738810
511316
788810
37008
154788
38231
301356
721320
545184
17216
46477
401117
760674
661425
818186
838443
331018
108794
831939
900111
567561
757749
526856
542002
102048
349653
80623
748520
61964
580463
387869
401286
147498
151679
5672
654044
217643
793477
998943
259748
604951
585635
500799
254508
317853
46831
434346
175528
389646
826538
128380
731678
204367
18659
833192
548035
701710
845409
721365
288798
243629
400403
62481
818079
962491
802674
42940
246840
921143
368064
993235
143458
362542
740200
68989
503217
857288
683848
28506
327075
606169
867924
755291
797040
617973
836767
601908
493743
374108
295628
125407
553754
531286
9691
714209
207319
265083
509100
612892
680140
414649
79216
433387
825745
792423
670910
760792
704252
741249
825369
766335
880344
232889
952095
958639
499686
22706
366299
514490
609721
373359
943635
791781
465765
328440
515421
804952
473969
153857
343508
918918
40305
829097
837004
459095
26022
979282
231651
301059
417683
657458
896419
642347
982400
403517
923070
536969
46579
33782
135402
482862
595845
28909
65787
652889
222177
877988
966461
281878
206310
857732
629617
173437
150316
659547
720611
377408
9052
987352
219022
983304
548147
161252
24461
813319
216076
439847
138307
903691
353526
261936
850474
401952
270883
605737
980122
856473
896069
671557
651404
768049
26147
371788
72578
926532
962690
91976
398470
491924
259445
940943
862718
407076
703847
375485
388750
682563
636601
51704
49283
413581
451361
351333
229543
591096
681401
804633
163423
496764
626376
514297
283617
24058
405143
319906
553039
508529
363392
808218
93713
562526
496627
9478
847677
623234
541819
892364
209005
672593
736205
837111
550924
120931
188955
718307
351104
436414
53677
220555
225239
866761
22626
6487
105655
922113
940911
597236
433641
319245
604093
938701
653376
809237
665082
815487
829675
717346
110683
343428
228987
374073
231373
786547
329046
929576
67992
582046
32385
770041
620259
42798
405150
315701
756192
642008
740977
314623
983731
457478
364305
67479
790159
434062
785405
265691
607446
267137
60198
552718
440762
402130
227897
83641
18211
455263
740706
55833
252014
95852
165261
933654
462642
840496
638836
692266
580261
315081
636167
608260
716157
457915
569250
567136
878010
611069
670900
364260
508562
182125
639976
921570
625218
835154
33870
598531
702658
335435
74061
215289
898426
192465
812255
639891
169672
516506
460883
900304
524985
967049
503742
114222
364812
236888
343609
23511
619683
670214
604791
460603
822164
172732
842197
922961
241558
841422
6089
405568
904399
132672
162907
34229
202211
158736
502281
172696
501517
258731
683930
741356
943622
147723
301140
719641
694979
277485
379510
550304
878957
605192
219650
666170
893693
793992
953497
539272
223871
112528
270337
983596
782048
415660
687334
610666
353116
291345
537223
768412
8890
716269
811514
13926
648393
326163
61244
903153
239141
207921
565307
34012
681932
717260
925524
502916
739919
992546
507034
896733
995849
113129
423506
395313
364973
779621
997574
871794
724349
659686
843004
976721
533452
996127
305495
339372
181077
36306
199135
942182
309123
104159
578035
505864
997865
283688
278950
407579
160351
102225
670211
123983
669116
713386
657764
51333
925379
550879
635989
559470
132431
359556
194874
377613
259243
201794
105320
302504
528156
562469
159851
902203
1086
132079
634995
208914
920274
24639
77714
221204
398563
81058
84750
899316
562444
77686
83118
883845
392046
857424
57895
576585
291052
54468
898186
676654
906105
210812
782893
503993
516730
54472
903711
621776
976526
786354
211550
234025
238587
880285
638317
738872
483119
150594
288011
975022
540165
404531
830671
73409
283827
631308
955911
340342
429109
791601
13723
315635
51980
229548
296658
838602
537430
641404
775085
885392
31223
196544
255941
191143
511221
782074
618029
473019
985433
106068
9817
153043
906689
904762
838840
823438
944229
382796
880343
554172
941358
729757
424966
872315
990420
291107
48056
987089
63203
491235
974560
569105
578282
799516
822179
91886
312060
248393
648143
21931
555013
660634
685585
70034
118470
926355
460262
20983
32570
154549
23620
637687
680929
144275
193065
692277
86398
281765
100156
12291
204482
301360
301451
886646
727230
840863
592190
685200
750007
380128
714592
969000
777654
919143
737885
402917
37709
579723
152272
35390
687176
807899
585522
371163
109983
307850
112693
533764
389055
332388
2125
968378
836280
396192
650976
914758
570052
203314
537922
344772
945383
59853
595860
42030
486346
978656
768049
84022
256963
710940
830507
880917
673985
724411
402263
501512
416964
12921
522732
52544
400244
527635
699937
753113
994142
455293
487879
618253
275119
339323
893264
450551
669162
540055
118502
947533
258897
94060
730921
944264
916731
363933
296417
671990
97731
818081
77364
639229
253673
900539
217075
204446
755172
813613
63682
365988
401148
655176
233353
48946
762746
350536
117113
962135
525568
951266
829642
178488
523107
103947
205520
375249
603092
522105
156540
502665
223541
639701
812174
673912
407682
220989
325566
562693
165827
43669
955032
804867
474967
493567
16585
587559
937986
208128
792511
738842
102180
82965
36945
456000
100416
861384
966147
690546
255125
7108
978124
855614
564818
204596
685717
984940
7318
205452
400510
258532
174044
211285
17109
49686
852263
233194
673980
437964
274695
59351
332777
376315
858224
497546
634759
171819
593620
717256
859042
980718
209397
354075
847587
865550
297470
144829
708849
256359
476108
154466
944182
241114
95114
719941
70140
876866
239137
972199
624258
695450
298261
911690
572326
157217
7906
888814
3949
523352
334825
706780
721601
748676
122506
40208
744189
682827
739055
713238
678261
385030
338841
269896
152419
664105
931816
568195
891329
752420
980150
666222
39647
968908
936583
493108
134824
680421
939175
111088
475113
403424
426653
231146
896331
246305
47486
136992
606692
506415
387911
949607
716214
924326
237816
626307
697642
882814
630855
154353
950306
6836
44226
633483
91035
431262
730498
100430
258163
789280
119130
813357
392844
961810
868843
973695
662045
816276
725505
132791
2312
791646
981324
921043
789715
772106
759023
51242
525251
776357
347725
994523
873156
271770
176921
91593
373192
141043
810283
635698
514871
916506
575087
257766
988540
371507
501629
788332
59139
62683
258249
956290
799431
295133
418156
465320
719993
911892
790059
143863
978778
936611
704944
773425
475733
293692
19354
302376
813176
570742
757089
145808
328815
618219
79071
774617
999158
228651
341905
727838
419794
822686
490578
973377
331690
498078
967423
374314
626887
636134
78248
316832
525706
246533
378063
786558
925306
940348
829569
777490
966078
18432
581472
135151
980616
812106
10874
467443
125053
268893
716030
972080
671570
878604
626219
594045
598597
64295
929211
571250
806625
437739
841787
422178
166432
77249
281386
140115
626711
862743
313860
877259
232503
71894
60132
837436
625747
322000
955443
685537
714200
467449
638417
204631
652566
537512
988515
564180
703847
158578
113461
389363
898617
650228
634179
318143
663221
557964
528008
612386
385137
88808
372038
942412
268889
840369
255521
34229
452879
695033
909826
399654
596319
400419
446780
491592
550839
154917
551638
971471
998315
339709
90277
148542
476130
149425
419312
678198
787576
844437
921005
570005
969327
563893
673016
703703
78043
592180
25006
38727
157490
469710
348206
481426
677881
575390
32245
958279
369043
979968
194862
668075
558458
339078
528545
464362
676918
551231
192021
280325
383680
396207
719816
405099
892206
313489
312597
711436
760472
660708
886403
698788
854914
523212
900174
370485
244651
478083
355801
736571
82388
567690
371059
16483
368667
664533
439661
488106
875906
846054
732702
349242
387636
737557
867457
766279
411271
51587
698481
137198
99758
525539
271637
783491
662986
991983
180005
851852
660380
788712
443550
784350
627331
240141
916949
439795
234223
935965
363539
941380
214687
79894
453422
339180
346332
755468
66099
898596
322526
623472
770772
153926
778668
471775
586479
631915
691398
280196
514429
569828
108625
685165
525030
925551
588259
610423
368548
821927
973043
328899
11796
214921
408616
710461
961831
299734
574613
767347
207447
795297
987798
251653
375195
272499
17432
121463
892811
231273
985172
498675
310536
534010
186701
646623
396337
714576
898549
164040
583343
518816
455687
663070
40676
247806
567807
617732
613770
179319
728654
921345
636862
392692
289479
108617
323288
322853
130019
540646
978590
608891
955184
502335
102481
583731
603191
874712
950789
253666
881082
88941
701664
84014
419735
37671
539042
43449
803666
337927
283980
830817
775772
503983
516073
376739
839106
375723
172682
251902
733640
320253
160678
121105
538685
269999
620124
203977
729858
721682
437735
93040
403027
215728
96974
315231
420536
802635
642707
792355
369411
75493
463719
580359
996889
171101
175952
918439
293561
320586
245173
493921
57867
586964
2158
802118
737218
91281
219704
891914
563784
572872
542877
277573
921683
312522
98086
305741
69652
292724
918386
46159
167870
662299
984222
76753
829020
395270
799628
280065
479777
961920
69213
155824
412953
860226
924687
773590
207989
226911
446762
646050
542084
194204
45566
666731
315663
127119
440318
880696
597829
65696
773937
725701
360692
640457
794117
437501
911059
405599
666413
379920
689016
560869
700368
864131
503183
260266
115345
98955
278988
598160
610147
502912
68346
956652
12844
772469
772129
49407
36582
526203
824678
811162
89524
123661
457857
594679
724717
655054
948644
394200
563049
249161
739876
953502
303128
960980
991665
445593
707241
359002
795147
769031
743371
710759
119899
23462
330628
861143
820321
512479
635463
320426
410190
886003
303547
286157
981388
433991
644880
899748
947424
429042
976383
537508
648298
526025
297975
764091
516126
955840
976884
986171
655478
53320
520133
243808
993071
947360
247935
239287
37793
419782
52693
391311
803765
372641
584198
885293
135894
475005
969839
295978
481537
812461
855420
281389
506077
835442
564035
497944
268382
557262
650076
47008
279274
642747
985659
35598
685795
631908
48666
933719
138884
655215
92984
34218
92288
184938
734990
284278
621299
990331
832602
809753
407893
35249
478633
65094
444742
422537
533409
946639
113552
783821
50843
1408
844006
552595
41182
7591
637356
799371
272198
934473
847073
40255
578851
671072
695918
636370
823984
245827
540202
993011
142896
331458
612582
745197
754259
220029
411111
297214
200021
807928
317155
177471
422499
713817
958114
611958
609981
206110
55657
955043
740863
969234
596781
644409
332301
102155
975687
380223
39685
464533
348086
397753
168357
894599
642588
765052
425473
372322
696185
588720
927742
617845
269176
265062
714865
770742
654761
958090
717332
641453
689642
488632
271071
822355
697384
130841
902826
982990
915746
17632
619724
794551
458631
468393
953643
6338
384852
951028
887701
566572
738256
993483
449673
271450
668547
903821
554696
189348
120565
576387
823198
940464
311701
971883
554915
591143
898439
552126
646914
335093
397476
10588
699242
497597
752886
269961
542198
293523
495085
969192
522080
453601
343325
872659
997783
102317
395867
295690
273264
75315
779947
455260
816486
346737
603089
285963
334509
553493
212325
442487
591061
802209
367304
748771
27301
402944
359129
952215
13154
915219
293450
878675
238298
277726
688157
637290
873514
63709
130313
593963
485883
176981
5504
268983
496066
762488
982320
264408
608342
869591
156735
145259
794705
698353
845503
858413
24
63000
806817
238509
937592
751207
185455
552191
935593
907124
935727
448688
726367
894984
810732
374322
679646
20577
852255
802877
444371
208589
162448
735858
71077
872804
339987
539699
194952
713252
782010
419736
765652
249268
558250
305156
162156
624110
118751
368969
993435
51915
407640
955149
260279
87072
873688
861018
517720
681213
257378
152279
778925
94691
957483
622829
141543
114058
140828
68048
243635
881379
704786
388287
516327
228341
517289
802132
428221
769747
393928
277897
909995
363315
634630
185392
719970
164666
569480
706308
637325
563543
252820
267252
326911
272718
579115
954428
792394
158072
58100
68681
66702
284805
851669
152389
681986
247439
867967
819769
94650
441547
125304
164624
246445
881286
45199
53180
628934
237485
883704
522258
734902
381793
308975
576553
840320
208408
547002
614772
539076
666678
972375
742354
805750
743226
359533
381534
434275
232741
876656
811683
470871
79071
406700
109689
549641
692704
856518
889634
78313
486171
561929
562156
277950
750930
813559
339909
169013
674918
15789
834225
220661
768568
979007
441525
319638
597098
941833
530122
989344
859899
962867
285520
196840
655190
839196
267915
430903
765549
432712
443879
566528
143744
738223
5631
131669
141964
500179
672576
452453
231535
96128
422292
685428
672895
540174
402375
845412
622444
51650
543148
262849
479262
945567
769891
139181
258358
13801
677777
322289
446900
247927
738293
326661
916048
908845
501610
224797
109093
346293
924102
852641
210455
97050
922105
307274
299694
95091
205359
389147
662475
93135
929825
4355
842849
82115
95027
843145
905603
784823
507485
809068
733121
582994
629889
203624
650262
286431
70448
306427
425384
355631
112259
372684
269861
963181
649908
614357
210667
611174
274344
382873
943224
908928
414048
159305
296493
550037
915657
663082
156640
72273
182647
426154
718162
690214
924800
987709
112323
882226
895533
149449
147672
867138
559294
873827
624465
888982
342046
530630
585447
274658
685150
926073
620916
530016
87582
917950
901094
851528
782019
732074
89640
615459
811578
204064
175690
95138
309946
801306
978715
839289
629042
812718
853662
864908
874750
909774
965985
277678
915699
105205
565604
67155
579213
660247
581495
608263
642421
388927
265348
651607
461165
755136
863947
589039
262782
828560
84388
60558
698086
952781
706012
517654
287290
911633
586631
99790
267914
707167
819073
912940
848579
355362
191287
861773
226709
39081
224473
709133
412204
39106
126101
46067
82231
996428
434837
588053
547609
74399
246031
562459
227408
692665
115218
807993
663926
514243
208474
378877
216427
386920
773858
640890
247919
473997
188808
150124
440537
338274
627296
261716
155311
849653
314035
402922
890543
446221
738060
995391
632039
706314
991487
822451
108647
516301
204975
480801
458634
807596
209106
489309
502214
533328
128499
489420
412673
573195
164598
400142
636998
952197
975267
907904
499606
386818
832789
830189
379427
248013
160587
620953
942618
124968
306558
863209
517780
711447
909594
113175
724013
450537
962794
406941
225941
917339
623452
277925
708618
816330
778374
89456
323867
819506
370792
36681
695671
314706
107934
145868
66209
391968
554981
358143
334280
879960
971344
354342
27144
48778
538221
192581
81704
977134
428264
789329
89159
689158
998199
475055
933125
845970
804205
520933
744298
410477
640068
4551
557816
629050
472823
288881
493299
685539
621394
822880
227359
161661
535618
181506
249267
638475
129750
955305
355833
385963
298043
601359
967370
990604
153233
454663
880294
922194
193769
222055
49449
352775
447773
571448
39741
265932
888181
246533
73188
196581
742256
894870
241975
199676
9993
19615
811429
866318
14247
290477
914531
70144
424614
985448
340768
913092
522030
309388
66273
424212
715044
748033
809909
661618
568450
212167
673760
121108
983717
458368
194295
13133
269972
384569
367545
293466
746379
175244
339425
568031
534214
246488
965500
835848
730924
311296
177206
932578
511146
713009
363682
529694
873963
802709
774191
42989
523747
59000
377814
204969
92467
14122
889838
290441
65526
925343
468110
189212
200084
587862
723409
347857
14197
115076
150238
500215
35730
897736
544066
746273
742464
325607
18264
887
122928
708154
846683
565816
739458
975895
20969
738535
16903
234844
634002
816541
632633
806375
539190
995388
294790
771109
504978
105650
557766
253280
236501
968383
601122
995838
725725
315992
360741
742034
232297
448773
523009
983889
632435
717278
171689
995903
385804
190015
278763
51614
490381
167257
835726
657464
855469
588533
450585
643312
943621
285039
305271
674712
763378
704032
331261
938635
164533
433477
980909
372801
945445
26730
79352
95515
348159
890257
128336
335768
313907
430338
393384
410153
180494
803626
213489
319863
124541
753800
590961
31787
394667
918034
277801
839246
275632
409361
528823
270482
619858
452634
801866
562507
990570
159677
321792
193220
383299
828067
821060
7392
611525
938337
246190
292095
516082
550625
189898
302357
92702
764163
816893
631280
823516
370400
541649
896510
906026
658201
78469
329578
205546
15341
822951
276652
633396
478596
59916
748647
756767
559928
792332
658442
938169
315325
330498
284702
54527
146491
655983
663381
740934
127471
594572
816730
466873
924433
95638
741340
832013
944581
837487
245718
324691
964244
295003
718479
951278
5252
735381
567203
169351
812607
376717
363956
452036
321906
221738
63068
723269
892234
307705
148163
153938
636989
118961
367444
476303
20260
365062
517664
565184
541486
110143
236693
262080
951905
420315
135867
612812
310361
67972
443369
70337
391513
235996
182505
31562
903997
804280
153279
771905
491804
581269
759032
4178
235083
567946
68927
875214
849263
20079
166034
364522
90147
713936
797871
283596
704299
266347
32787
224309
404369
42342
918607
366307
922359
688482
952863
692812
571509
176106
587183
528313
587373
657113
614881
549371
146160
514181
976907
702825
800851
291920
384481
838417
475866
931612
966844
458124
2795
970266
726622
409446
32047
415036
984414
516283
941611
24818
761357
208003
176587
686117
406750
410183
386944
127155
68337
236281
902074
580148
198134
501872
409977
897681
835669
923791
21830
685493
803733
687060
923223
181066
977662
169574
529956
883536
846184
885470
904017
707182
691493
803590
586201
321762
510604
789567
41113
125578
969775
331861
685505
805953
557671
996307
420852
324473
625971
623753
652298
148578
806828
521165
667464
996755
720313
486216
973632
204817
619357
966055
972531
69779
894099
717814
66407
118558
581655
387793
376412
337451
532313
511450
504347
385735
575470
690539
260944
620048
12049
856929
815972
16999
394453
555360
289038
591785
736117
347264
452265
920169
581561
758555
681435
155596
64513
707821
774692
366700
538980
471293
993328
753949
728033
998785
343523
738743
378343
51220
880448
451486
964970
114617
751521
204719
176167
148875
828185
951852
370749
424795
726203
896944
283112
564137
53869
467344
881871
617165
12520
269356
705846
993734
745467
447095
754008
602426
905290
458324
240837
49386
32848
558729
38522
204571
476309
255479
450380
844565
729631
252244
661910
792636
731202
475258
879478
349395
16269
967034
883703
215236
229085
796635
70967
646878
144466
37231
65419
510938
979589
274045
516690
526756
332399
191258
323971
736557
438808
352168
713117
371881
808644
667454
596487
899654
695339
12940
596742
991135
306308
292136
132925
196883
552727
172694
249104
273259
163238
456836
301949
156088
418092
291727
362788
810815
858493
60107
795777
988693
180979
364685
598386
967609
252591
2894
623032
949917
365848
444727
732736
989945
640870
476274
526507
966153
986477
831007
447923
741169
246854
520370
460942
908058
891561
190817
785752
652158
825144
673375
857951
400049
712913
700066
342780
106698
660489
833367
555648
99760
107255
502210
417961
428067
297785
666562
844429
418327
962552
328623
265063
472611
421787
468547
933377
46499
774671
116174
82841
312554
167401
435286
3617
308843
19268
607937
345533
874337
350006
540112
421463
399006
918740
527035
994951
999
72065
972962
822108
331151
826849
700392
829816
433607
334298
102420
344700
195751
213958
164863
412697
122654
158661
616029
309475
191928
468624
295496
477522
126684
816525
683992
278051
139628
490550
479017
433817
673722
826277
184336
549790
546079
89755
397795
435930
971118
408011
43676
333361
653487
649735
174158
113912
959633
422992
99750
326376
607769
773317
700458
616437
923755
586847
694330
792117
890216
315571
402048
549044
308173
973519
601180
127247
761848
904718
804794
317522
258524
599219
87092
857154
126786
419441
300269
786421
729638
173534
360677
171813
613807
680952
19431
532398
31727
699613
788398
178005
728955
564803
874405
376279
364953
82556
723355
354469
361157
507962
560591
249805
919942
495783
257480
411219
248782
717475
108170
434976
443764
668433
539635
707718
615149
189526
222073
790972
768860
731393
895404
498724
812680
68232
542793
391111
155129
270494
666421
819900
689772
330051
945147
922931
6841
657029
376405
448489
453327
24535
466800
40636
685792
283242
528256
141117
270357
58994
529216
156237
538548
471377
271641
506671
208682
362057
205688
872962
653901
409464
307187
587135
706429
988988
101019
669152
820151
638595
439793
303899
625375
624916
779953
230702
139451
220292
612888
533707
342922
892989
783220
380904
677523
791475
752373
506648
935561
836214
316234
8957
456185
569602
248967
986566
480167
824950
249939
540938
189735
283756
594958
488153
423620
933304
590601
779413
38132
448381
737818
421015
919955
214754
560262
795789
424217
979016
325095
731935
79571
584984
791152
771673
713883
653567
926929
967226
99183
349505
264864
913730
615758
162189
191074
376892
509686
741992
782771
56690
449506
233926
338410
871271
767049
29761
166489
627794
339678
944204
38062
253832
526326
459054
498911
221597
834278
779695
114259
645756
27994
588637
223292
381699
738091
723076
906039
333533
81821
455352
766841
713663
138091
52566
449881
111261
93868
666597
64328
570300
377173
930948
498713
902252
507106
950819
301128
235237
91926
341702
960020
637009
762774
172458
549142
42303
991605
217919
323731
479614
835578
599493
221994
865684
482740
204371
721621
536207
150380
593628
425128
858131
475509
171682
176663
451608
275024
289825
94266
33050
531583
76718
268173
314483
580501
386392
684883
144118
880748
916746
40582
14081
570203
229941
806954
693577
386727
3407
328638
5273
540067
627663
593508
641559
167985
43563
470464
81539
593302
69437
508834
381100
30630
500314
870840
797856
443490
58745
317661
233342
494455
659115
415563
772831
707302
552615
291919
991125
976724
111744
733804
740043
367469
148519
515308
393953
332833
193133
301171
9905
277556
715583
8941
875324
737966
528985
87008
204
82630
219172
949576
536498
693124
976042
401653
162028
868044
345974
6362
19547
609259
243594
541558
211853
555295
931759
495234
715351
344151
965676
364836
968325
297994
623482
73775
445670
835884
885941
397040
597314
906150
125280
950983
338384
199074
565204
393762
822510
252513
195795
980646
83926
558015
809872
838223
29420
424314
849779
124353
257675
774803
266500
998410
522979
443010
738635
23386
587042
947352
754943
411628
553202
187189
458560
724039
469501
200506
914282
70422
740485
127801
385399
728863
76188
382852
59892
722599
205176
450540
820971
555149
727278
589549
954854
763656
77169
782056
362838
256725
813564
375816
773568
259303
318891
25291
925280
263044
907243
354637
861819
999883
607219
143652
906569
514782
425712
367533
305941
395979
283255
218876
901401
414919
471392
455695
926885
251322
714756
724113
544425
30142
114178
224063
418312
930885
944654
414513
265933
849569
921103
872508
844891
719966
230580
769797
654945
619397
402350
134703
146300
356824
327217
639481
799004
407497
876509
233230
399169
851888
473623
436196
642442
462976
291176
461057
705258
918144
209916
964456
789351
666603
532310
216793
815924
824716
378802
712062
83537
693252
158444
90966
833196
350036
778091
510178
665374
599815
790159
717975
953113
859576
947758
29414
265321
140864
726642
486112
681324
797142
599082
346798
16378
151856
97155
395032
958632
390178
760906
303848
442506
197624
21362
146513
521101
946850
405701
129599
374679
836868
539033
493455
102061
159984
923439
474490
833631
699841
406265
599829
723843
391611
73013
995799
242221
516805
815800
857811
592635
173237
109682
893200
106525
259264
467747
638667
457332
488554
778993
401785
740032
980115
506911
267502
822556
93325
737165
530297
68840
383393
951053
667163
171863
969091
932148
441495
910187
904188
609017
328289
767797
437186
677697
524768
1289
686108
566256
811622
486077
663252
57767
668831
427051
426678
953464
395488
436874
637038
213729
587798
281536
437466
510705
62074
427823
355792
184087
380835
984792
958483
524661
637015
483368
349939
118339
989892
62914
402899
810288
154450
595835
265187
861226
289227
954759
555387
590017
129708
172075
859604
447565
106780
954292
212732
883581
397949
367520
58831
331340
852316
83805
944558
96814
57054
934594
37531
589036
844246
798007
690619
574227
928778
444956
561522
439131
340452
166859
805150
535122
491687
278155
615235
376501
872080
642200
116919
662277
849867
764675
916897
270987
583610
347051
92275
933012
48707
865007
879075
174002
397365
954051
676473
107819
538816
944828
177504
205074
816916
274255
299830
808911
485357
864361
808371
281105
261298
588747
452756
879282
824505
811739
949807
703380
179575
678920
876362
405330
753237
725039
146427
922334
504547
659914
931592
921739
767397
706854
944298
991717
590014
320921
123491
851914
821319
31297
403418
440834
120275
503092
477988
156059
121476
980126
910927
704069
707286
952156
371773
421018
701177
918971
880978
392974
670925
673570
603407
401383
403215
306535
369000
53390
150630
558098
585090
504098
530315
843435
900793
408910
483237
6388
540111
625249
305498
666558
598222
627402
310508
963291
871687
828005
229565
137167
315896
801865
870632
260498
550239
906829
347787
617430
6863
676759
890747
674930
779966
600788
648736
960546
971661
618275
662400
641128
299359
65866
237768
56445
34645
125175
714814
372132
523110
642337
352376
447317
766624
769160
739930
680638
166792
155216
43277
330634
708626
674338
432139
999462
340554
296553
300771
175450
304544
602272
313976
436482
345276
379103
93565
296558
209131
540146
380857
166744
705649
131824
967061
903924
560579
54367
102900
218476
998896
902635
937598
784900
259146
352468
974648
146172
125572
505288
589852
607796
376497
32957
628571
561939
911537
37039
666493
498538
531384
327023
128021
738134
178935
835989
278726
114734
264151
881660
751460
377945
895525
637007
195385
621127
860599
820679
954037
865911
445286
39848
610260
814584
831251
697907
696652
616995
591837
51089
121147
232553
583365
747708
947288
815284
665539
707919
992995
224151
855521
215469
225503
872553
194977
860687
359660
241785
735130
998811
135594
513213
584531
372886
346685
170597
612747
305824
197197
527965
46390
802840
189855
815291
700047
700487
867662
165269
850506
481225
311981
361768
899119
875456
168567
557694
654051
689700
384481
690475
595177
869831
562310
181230
550059
7635
723382
339578
340904
84826
214378
374732
320131
116545
909787
930408
925343
572388
516698
236074
901283
896034
683449
687669
157726
801
39187
696851
652324
474058
270530
646497
534873
202222
137115
814109
72977
556058
500560
574819
962020
878975
931077
255587
796213
265764
934309
689427
953613
99049
907697
934680
782023
801111
975461
880083
808959
553323
194236
479891
534662
3037
440676
343088
836655
82432
513699
493566
392784
999542
962682
221522
300226
492231
751470
413062
342113
901149
873049
654599
987279
16994
272201
990702
264303
89235
452894
446284
980745
978770
396649
144214
600345
903548
550799
165907
72318
13256
453488
969671
967556
944050
293140
6850
86991
518979
810068
65436
238394
492959
258324
562697
78765
567342
216327
7089
457251
517752
282114
956940
108564
786363
937252
665151
288172
628004
154642
292619
378465
873876
673291
469610
1589
224173
856543
736691
519657
120766
813278
665410
812417
680801
462755
630553
44641
335582
391186
273475
765047
365912
346667
27177
957
305919
317506
516455
182384
242796
24438
63228
369106
909005
193503
918305
949938
660405
701332
918827
719251
693014
240915
166587
376804
824353
218983
498387
119889
974798
182653
918765
954587
204956
728955
183041
43107
181696
701702
820970
86198
382479
650160
599273
998997
866977
657602
339428
165247
929440
578270
263525
895685
305243
439412
928904
305066
363777
327095
319706
853177
295396
907991
474819
342419
412547
994857
508367
185867
448218
704447
485664
129683
732494
985164
235642
618144
809330
123339
77199
142435
450025
348788
875122
98372
316787
220526
767031
465844
918535
734002
230215
829524
438587
396367
131318
391481
50009
780459
267353
559339
871747
317138
254996
447806
756463
935959
195784
212496
874314
239645
365385
940540
523516
395826
725221
684142
111330
451977
818633
669631
897662
556145
873230
703685
148191
359771
627950
428743
630078
203601
945248
464228
887278
749363
65329
262221
497915
937061
701066
194823
474982
876803
96400
202828
366808
257106
36784
654571
65240
401163
345380
309287
275720
367180
774505
515771
152808
909283
203027
392685
389698
682026
647699
654380
346085
491551
168640
445709
765610
595978
147307
827448
976184
780772
950112
363181
277131
993503
12842
418301
460582
887922
378142
388770
723148
698022
62909
704604
231837
317716
201657
206700
719100
295897
838384
471022
908024
930516
230233
496446
146464
859973
215834
417925
692271
6218
464610
352361
499762
888790
872711
794526
825795
258902
333130
485841
674698
575971
651353
280583
177007
689414
155073
485791
513377
550276
327255
861078
686314
637861
328800
822932
235268
574679
107816
902271
175165
432084
727816
813154
209185
478925
461862
227426
553839
876025
371516
423563
21799
894188
813130
10942
924871
169707
678261
422543
726407
556005
700571
253402
389639
828039
527389
405611
71908
506641
329214
503062
894825
137259
542124
622684
56653
20556
270743
285899
87946
66144
558474
814048
772397
488461
758442
209152
322377
653422
939210
969974
953878
458310
749442
19473
787916
530969
167859
217459
626930
421474
4007
753965
899641
605857
237435
937228
866415
858313
874985
314200
159675
581682
684292
818013
784763
279677
398559
177592
668672
454984
303769
682168
159082
3008
715756
507889
794331
576460
54014
265063
900692
431336
928817
968833
477934
758440
740885
498837
524840
106539
547717
573496
160194
340644
580841
996925
882555
184347
898392
319915
248392
660702
615943
765857
80722
270678
955217
380027
374405
986272
882319
28143
681083
36760
594463
904606
73988
813557
774623
412549
611193
526674
975442
918893
537137
747479
368586
391079
654350
91075
3093
844060
775637
875464
863940
310309
76819
352827
432039
959112
441622
784308
25174
189960
684906
843549
158199
154706
936027
839832
856406
478012
232968
963284
833851
730065
66625
850293
803581
168035
94663
665960
324210
691669
443797
267633
556647
643879
760189
185834
945754
357861
878617
91978
46006
676863
165097
857155
366339
403243
467822
497087
592119
570343
99785
374627
496565
667352
80716
864537
312660
756674
497065
912914
83967
682107
879475
653867
984733
675623
717569
711517
652856
552283
295700
321270
105251
50962
19036
793820
79089
687668
100983
303589
384813
474506
728037
679026
3440
741006
173956
652050
817750
943142
471062
664766
95695
836349
267275
750650
51069
238625
628228
357075
837078
911757
686448
478704
260594
729417
895320
762064
282085
712942
837847
253524
593208
733488
599978
964925
913677
365226
519175
39782
118065
220137
647489
742753
261191
637801
435434
652722
287788
525922
246216
598022
134830
497354
550150
202580
655896
90677
768611
469202
199661
218404
821958
378335
901225
71023
466969
113968
317039
230123
238915
418578
473334
415877
871869
155283
574523
266488
72765
150256
157996
24146
739689
186754
594442
949854
152536
580156
259070
937246
903303
792649
188144
609875
771515
674193
681727
642676
185346
837500
716949
947496
612528
637319
22568
889877
134691
639585
324985
490478
921157
429859
919162
633522
343561
747596
743925
219342
165174
278275
193732
574474
130639
177513
400023
124185
513697
894449
456914
628094
462502
751912
704576
34139
928740
20680
907801
220572
929189
445328
128593
115515
676373
113425
217416
75243
187533
373563
341446
222692
701243
520262
44552
436064
396826
344699
389731
323512
252240
275568
828209
78438
585012
692300
263402
897443
178977
607533
480208
851220
679235
974212
511079
940860
447416
719873
98305
711071
600109
553216
39135
44254
929246
583285
751460
588503
460644
618516
604869
790809
954397
868031
722268
554600
429815
563217
794388
457365
241771
171963
77079
156405
760342
440903
706717
253511
61381
119925
81622
823402
306139
963908
789037
553323
205179
220430
846176
304414
107693
16799
179752
942804
272671
558053
647213
540816
137736
92917
828898
441747
962959
349131
683179
692127
738076
761129
315761
551366
581945
889911
712882
767162
648950
808761
739426
697621
622639
624639
789148
283739
417749
710609
860580
757036
824637
951376
149090
872217
862154
879964
392735
983849
500879
549120
937737
465180
379185
550912
267503
892522
987985
873265
516052
502286
858764
626421
563884
287073
281288
65787
867403
325597
342229
649429
766677
433201
503385
571595
772026
490705
143840
14517
333352
835478
141397
384860
888053
52172
516972
176048
136889
496224
746535
333972
471887
995912
787276
470507
691777
675214
106026
685808
341845
303787
282889
901081
638371
29725
541149
846432
527606
927245
110300
435552
849613
408048
677039
602600
588468
266647
37362
106461
951003
994267
763042
88237
855743
862785
336558
580272
888854
781192
80896
488408
35486
752772
865948
25091
19293
115693
826198
127863
596498
885853
719326
589116
881451
439647
916705
389769
444135
307661
976395
935279
972819
364081
524429
572695
576968
724159
409534
84350
101409
352444
943997
207390
305989
43888
120820
770428
781415
418968
27103
503502
795403
89420
346089
676486
336050
340299
995872
266543
265735
555879
582836
321981
287277
658093
163096
153860
612944
849366
329305
193548
998830
405388
120969
908659
248830
305161
406992
19858
868397
762348
767898
31079
652759
815428
468205
418308
705930
936115
284395
255364
224949
660253
299346
403167
244672
799888
659735
439235
38172
357061
191157
376435
970231
746754
948218
365697
589530
827522
839590
546884
36954
81582
387830
529689
50296
634770
210227
136541
66322
435168
127509
183365
168747
643737
65310
589598
300604
755553
709505
155120
118991
840007
85330
324985
804114
725436
990533
512773
353989
456011
929605
313426
416584
192402
591866
258917
6818
581545
629293
265101
544974
326003
765799
718834
64123
88260
352246
43308
669467
813502
986737
225443
297373
955458
121993
540862
277500
383852
689657
588760
595213
803059
373801
215193
671520
453673
998135
335914
991049
894275
723017
1545
479319
637202
19649
221511
11022
530265
698427
82565
333801
31709
660470
928729
983968
9118
164344
51976
860251
565867
603542
404195
498632
896976
465263
986131
883842
763956
635968
296176
622215
95851
779863
482789
790869
81856
567215
141880
300623
817174
361914
103921
311570
783259
237538
276223
317139
285772
959279
233994
667527
194173
930450
827491
149025
72463
755389
507772
697751
300722
154766
1707
378232
501179
290028
440804
260602
547653
591679
725081
209594
65751
132986
705798
541838
540100
705866
464220
898275
221401
953003
780918
391254
233793
100506
832499
975086
680357
50943
482893
513091
370688
963253
650779
717151
247936
529084
715579
965621
432359
128039
140556
839397
271103
223465
745984
795599
143876
407601
221404
565159
735449
749118
41954
407245
407002
117872
354630
67911
183784
14834
892812
417153
499565
692133
932995
363743
920639
987221
991535
821607
292063
371598
98616
573522
509644
182698
797172
766359
922072
544282
513780
753222
545296
573198
163253
290888
23171
282829
855
372631
371040
351088
969395
177880
342910
880542
911718
667879
9826
37345
109331
919632
668064
754015
29321
36563
924460
410149
938524
150923
280918
353768
81681
162443
648628
125621
334333
774403
33200
146689
535463
826841
999507
122144
86845
696254
918480
393256
811035
577047
865391
843496
275609
602428
590878
337291
631226
71047
543920
919162
272330
657893
51573
554739
775307
652206
819011
985823
102035
976024
834987
633426
631705
875916
24714
333690
345118
964142
457186
681466
784662
222456
4438
738687
255800
926971
636391
901202
91403
775391
544007
527862
35837
739941
525647
446194
900369
461920
826977
869785
300133
611270
316648
854758
492516
690858
656474
390403
976709
846299
667659
874532
675175
6899
152291
286329
648839
467570
615070
425713
427365
481215
201682
703264
439960
155925
41820
71862
686307
427451
334245
717586
481189
491813
431921
280139
837168
234801
414363
374134
739568
301035
628766
691533
314175
450575
633919
458896
873600
125087
826447
446214
495671
203308
281939
627650
865493
457430
455083
14655
360091
78205
67598
60877
681336
398552
261719
390566
224350
749367
676612
538092
478862
830772
406669
353094
444870
883644
730963
210652
915693
965800
8131
465994
814205
700180
447358
239860
690060
851954
942172
83361
344532
550851
490769
78013
811888
118786
503958
455884
398350
707296
790752
238203
601544
634434
220148
314404
956410
422064
993532
473602
433166
579641
598350
781530
764296
765987
664437
300019
974582
769104
681836
247890
75175
101082
616264
393809
656092
939861
814212
708537
937424
138207
785969
618560
736913
543480
587073
80159
502519
828339
417669
879293
34437
953190
150327
667584
782167
485865
758079
909942
474801
713902
764158
444215
984801
446708
372650
995344
786686
193001
103993
650125
625536
567057
755694
590818
923383
199081
648541
961534
82633
473341
584926
606026
632908
225154
28168
330214
830551
180337
382785
644973
527181
651563
509275
210192
515212
749646
667932
713701
556009
889899
357323
106287
98980
957238
746296
555540
571180
359570
698100
275506
90869
407709
719254
178276
939604
232213
42192
503356
805314
298532
219231
437506
965235
245466
414367
275621
239861
464933
219834
480602
762635
790343
569484
603504
73183
951977
598277
979431
832718
630339
145751
713023
372397
223302
685370
902148
378647
67927
589187
10871
436189
832269
379744
733590
350348
392258
303322
265646
527341
258423
359131
362456
313157
904934
707298
737806
175765
245663
803906
179083
959855
297715
702619
610702
757216
981853
285611
272366
775709
540626
862966
316776
525113
815537
780211
269136
51054
35783
153763
430660
632761
216035
568231
768418
195347
99660
345407
824880
800299
96120
705186
939103
870648
819878
274162
291743
51319
833030
583950
628725
321056
463748
920414
479301
94469
878996
639446
517690
321037
777457
389550
395481
655538
526778
786119
511600
474078
779778
437186
76183
607826
907428
993746
916297
876492
411331
968746
584963
223592
996935
413622
843725
868242
141335
167151
182855
102017
824728
521667
39805
212553
322674
234959
990585
201291
35584
371946
867237
564695
399488
594740
568472
262746
352390
866369
221402
966865
20000
863071
829051
126240
866784
442268
783988
210210
439743
265150
265407
772031
810737
824357
999056
550827
125752
741114
472258
204720
105426
185616
213691
162584
352574
594946
223050
741704
722297
829477
309170
805605
923105
356378
676828
500457
384529
320334
709494
859260
591612
77905
846017
435783
905318
942021
461022
865317
87557
850639
668358
894382
412178
478817
865344
966528
110378
654146
324586
498093
322416
61263
888552
242226
595341
671019
442480
516426
441817
777313
706941
704126
871056
650143
106547
151956
740494
993182
920391
834814
577120
833998
408510
7599
154140
387234
526855
300597
220359
640990
468022
215351
807748
194531
530699
373193
182771
549100
298964
211750
316277
437482
321850
599265
911196
770154
557121
844588
698957
260671
563717
372670
329996
830251
192264
454927
417712
26205
521497
356805
256009
939625
706306
292678
122315
368660
118985
121948
426454
349899
753904
592244
452849
464016
705556
515207
902692
7364
345615
611489
390659
12059
460107
15548
139625
737495
804758
898671
220177
854464
438038
970370
233004
604529
230213
873282
169335
973304
658805
412311
615454
485943
213287
820014
834676
342741
793780
65501
295644
142182
907537
641738
678921
738894
678083
209671
593552
264803
18516
605683
392961
426835
339825
866437
534461
478654
438273
481546
241965
141847
378601
572322
206772
412043
543578
793452
492079
932472
39573
279056
561866
252456
114543
862229
463265
824592
18583
22883
699544
222707
734909
786291
296180
282697
668692
244089
733324
828932
757849
884519
363902
43763
529161
922983
147403
219741
280060
878347
911933
999782
598084
430502
90318
471019
405537
814079
661403
809352
280599
1216
259374
492718
295831
351719
541071
202847
539676
557025
752782
90735
876827
193480
559019
307579
436960
18597
339605
314910
401341
887818
468186
27836
161655
425047
445462
772399
609278
846579
368940
432794
187918
99870
198801
909433
894458
788515
903741
545928
673387
514697
868547
399929
821987
992407
630265
168030
162200
290349
687689
624441
330676
284312
188295
676355
67071
907993
239745
944319
626214
561907
914532
243548
18865
14176
613733
791
572782
452881
522046
194708
212099
303890
835665
177750
94148
292752
399754
929817
770234
439797
485323
567581
306643
604414
825384
892264
696367
182141
251942
387837
234143
253614
929051
988482
47721
402271
924307
575957
505560
927384
945530
730373
84021
287862
151205
592562
417321
982017
826625
745345
181746
804846
102694
917674
7158
713553
800292
379377
94392
390163
193942
879485
113004
897909
183685
656445
256211
427486
581766
695079
876686
891703
431949
107653
277047
917189
605333
243894
759308
510781
382545
867065
413228
650756
608107
904514
933386
906542
301490
221115
757738
603431
404677
756864
365887
914837
938319
76019
822992
226528
790434
488938
110802
214707
895365
380384
437732
320131
273854
148242
902763
159664
101390
928035
233822
428312
563107
689098
478493
574879
160547
981814
586295
189179
738522
849720
931478
470815
901456
846662
514015
526063
835774
262606
520014
253055
354125
902205
402520
122255
695800
751466
863562
680138
706656
308154
814182
638515
49618
912864
395268
200125
586037
191492
283644
367887
841146
520291
232553
611551
753598
616595
222091
816481
436152
470086
630226
115163
977618
159156
80447
266206
255491
874372
968349
495823
789614
723052
965109
16023
299354
433617
916314
404421
319765
101175
956814
780605
874968
620404
52385
438417
402724
207297
558168
916554
820902
475262
69770
716065
760337
717063
450416
38464
66310
5316
721743
188016
446072
392587
987138
244266
306348
620351
534560
581491
264373
535770
240244
792341
708629
855140
848794
398409
889622
770028
78026
76953
649436
737760
617085
264970
326467
223896
210555
295674
786330
246916
710359
839149
582469
790343
363467
578603
933276
328873
324205
437974
675764
24612
42256
891763
943754
772142
90826
950337
614951
668377
30693
394391
632291
627085
439616
388782
686058
564064
582558
209305
604172
939
890124
697098
651538
318911
673203
332396
246116
451441
405314
100059
948661
800249
195368
384213
660401
257889
984048
555956
885097
103419
839291
492803
314214
750431
639362
34765
673279
684618
691947
916991
365809
789968
83907
374548
395693
798229
869096
402791
178409
462857
239680
402056
366714
33241
625800
201610
398608
776501
888196
50949
100870
255156
455040
237034
556218
505006
679491
135591
595086
667298
993024
288145
886566
376756
283242
983584
534625
638866
959914
694357
470251
892268
718120
385295
928984
585428
658299
348881
543836
42245
395165
915679
667199
701584
624336
847843
178378
233640
620207
134828
647159
501779
972873
609597
199784
838415
185595
693236
500180
218886
486765
352434
217388
600432
125936
190176
170722
39703
887132
22294
159946
909736
46274
245989
456759
728394
574132
210933
548452
6513
534050
38298
467342
978538
75143
539348
657969
613179
799336
49263
913307
831998
242920
387213
951009
175351
785570
547722
904105
550587
532454
58703
384854
918593
616753
501286
341862
677782
5086
103984
673550
705528
335902
750100
801901
489420
966065
324784
751832
284222
492980
926446
757365
379912
380435
618674
138959
755559
390797
721304
442614
292712
422377
128291
622106
238879
133671
737777
45597
583107
531215
945863
328123
895608
675903
216697
557269
721880
274222
329437
349428
158982
402247
971830
734092
560330
528667
928107
367905
544254
860293
751027
573071
271316
270075
97512
766012
882005
833056
150876
324721
886501
778999
287025
691021
393232
171775
393033
934725
70170
942107
685062
496351
996666
742648
664033
105065
183698
276230
562645
21408
95121
186665
232515
740445
57074
959048
913757
353217
182428
322637
80718
392595
539742
876069
520260
463302
127489
577821
862584
968539
563740
463576
518695
936397
89475
420934
938741
944008
696860
510553
364584
837540
880076
512304
500530
177358
514097
368723
361762
880809
247464
268555
232098
831377
167129
366384
434935
932763
995847
345788
837632
602923
758274
426137
450237
983966
850042
513507
630555
863747
897684
102474
262242
385716
227155
474091
107017
235884
933268
372694
396417
517534
308478
27061
946479
823537
195905
390329
541676
648231
767634
166526
312514
612033
423585
838798
165073
631330
37349
818449
834645
773788
153330
222297
845242
818972
668128
52983
556592
381439
422703
367344
11365
750694
166308
113517
80374
454378
97907
988166
270371
413267
18236
776152
261428
466085
605592
510913
474242
717659
474055
327747
503708
572614
231455
829805
735363
225736
859962
389211
639026
363197
831875
686385
524358
243764
618369
794306
141599
749971
442375
516449
395861
112344
604532
392903
246162
897830
424750
136079
237973
116977
126584
201086
325780
566488
527767
371228
646168
177334
440356
95584
145273
494803
62501
910897
290739
447729
601165
991333
937610
554554
900390
324828
509853
118369
968688
887577
530271
876735
404645
473915
185455
11586
30381
775944
519737
720367
615525
615556
775800
219259
135812
654921
25370
947303
796214
60666
865456
139898
637671
643608
189290
79171
523732
350202
758778
105067
733771
995620
821933
744510
87591
13769
504941
362421
557636
321012
125722
419879
663568
3284
174810
545902
666083
559335
113494
89767
178777
192465
742664
244242
778458
315155
288029
80031
876091
498622
939597
355251
100130
901932
402833
654829
962342
134375
903770
875836
395243
873045
730151
532591
125486
697785
822066
828650
566879
98819
483244
154873
319951
519206
802388
516147
382038
636272
162968
618143
165572
428914
96657
500342
29176
253673
460618
274497
141918
65611
749005
35573
475300
321735
301863
975361
873648
700083
343482
943704
665207
588262
642464
105793
126803
786876
77172
944818
638902
724098
810448
715470
931663
870319
959439
438519
677511
215492
296173
906481
929412
42136
77503
138123
111777
375877
155614
390648
201487
79068
45499
413989
146443
672980
776123
123682
957411
309465
976955
923552
519840
458066
610686
223093
473385
984553
344915
267247
435420
524425
898641
215323
542115
180444
129374
382145
755120
25266
727594
149022
298364
80129
123175
69682
785404
961485
504745
462664
323769
625913
296418
572996
126531
63822
389177
550954
733075
871485
818897
651123
835025
160347
880321
450915
581449
68621
701921
777792
108170
921396
536983
510763
896070
976727
196754
462550
986341
41826
959049
997269
39783
465033
379333
443293
211860
755245
189025
569582
491226
203579
396550
76175
428392
378309
975997
204430
54256
8675
250769
612878
526620
573367
23177
6408
318032
218032
677302
786283
957639
697849
77560
596718
653550
408003
197233
521245
682923
153093
380815
812497
457462
114279
315299
552909
54004
838019
133071
214109
512271
927468
79693
786947
831998
130170
263494
939329
974601
168410
370724
265282
237396
214737
928200
235961
560290
992649
559888
774214
983907
865
470681
521874
870611
551584
399299
797700
449200
290957
980734
51894
933700
180695
311010
12952
33934
981795
393918
643164
55029
269358
502020
259314
225252
154123
577201
529864
739094
583038
585141
764751
895447
768235
820836
991600
817067
540133
347114
809035
690961
317076
270047
868209
934214
53432
697016
801920
331315
16663
785303
194097
864361
176763
594955
176693
518088
198494
34979
520910
577433
351112
457187
819525
482889
302506
944518
62706
472224
385703
625713
610913
269254
144174
245834
22471
838843
492579
983570
707730
743888
316166
609564
917032
534327
687548
951649
365095
67150
813443
46418
734069
183663
272807
566716
47610
789843
815398
338060
986029
267186
367957
688123
10421
148076
748439
828777
698339
579509
173915
107539
766756
501114
63449
988923
120915
806360
741570
503117
879425
185606
445008
274623
223816
363783
879625
285747
429079
185774
266449
219331
215793
399758
391165
951664
454629
316122
355003
358093
423802
239701
672127
528130
108188
902727
850574
965264
854255
79797
40482
891988
412522
788994
544749
802424
339690
669249
665117
399133
397441
145096
29360
628296
234484
375618
755710
14563
378756
823753
861560
219521
884875
258498
782907
455161
279540
686416
256929
54494
161245
111769
1491
503804
993910
117130
830743
615953
570466
983598
929431
177036
522512
592657
405192
26575
468543
574604
715872
873402
22345
46537
873881
418657
923634
321440
305451
340846
902820
84387
276084
138349
151960
990902
467821
611136
278491
343733
785398
902309
188928
904391
719925
112648
532789
929689
722148
15506
723112
753011
468695
298433
554180
434902
131238
333373
811128
243132
870944
738925
280587
369792
775097
635566
826044
795511
687964
221183
916528
153394
96367
662754
433622
866166
594445
466258
870761
376141
693962
16979
68814
777330
836378
802451
366270
328792
532374
103719
34078
355761
168700
700765
703037
200470
505200
192063
447540
483784
627860
292536
340708
304415
851219
328672
340185
829583
566162
997506
415463
263445
228582
755977
197819
678513
283887
687553
520166
251319
839094
793262
317412
371111
62358
730979
111305
655834
67105
837093
98282
803023
769724
754540
775160
39073
28038
680944
534933
34148
73400
62623
442929
978017
655899
117602
260306
784385
229261
363036
958107
237481
971249
239570
365313
536712
100611
371093
857505
759275
887071
649428
524733
770839
742278
773822
584331
827223
642740
946417
552159
887312
426126
794443
356298
74434
98933
421584
931227
697407
452654
734948
302057
687860
166321
325624
170298
512575
703845
245201
876770
718941
699699
971733
3613
260911
155264
464293
936949
795952
480891
899788
711391
700162
954363
698177
302082
376308
728900
995133
142231
336495
316654
482187
132232
420076
169722
21212
698389
37431
293334
758808
46754
904134
846235
927588
650432
970550
315684
525471
399843
103313
987472
174943
449676
421805
901951
370044
942272
118934
736085
149489
458112
518954
719282
635982
117226
57161
954645
743500
257853
574163
105884
207607
855784
660558
829379
140324
139648
936728
221662
904912
611235
859321
410801
309098
738205
865769
137702
159830
988555
845205
449991
34348
395294
149045
98922
109253
586000
103806
492544
67005
51154
587244
150441
837740
907780
276799
189415
792352
947756
851394
208875
142159
596413
448835
21580
395561
346956
295682
589050
49926
648719
432164
7162
616912
674315
667536
301666
244880
49091
191661
211549
713269
11811
876537
725015
976510
679701
724294
126095
622990
86551
657861
136137
870154
719689
680187
741366
223364
446898
129753
283724
94021
776148
258073
258846
820154
186104
318362
851228
852293
869884
7429
545256
833625
663048
403372
325533
857576
703483
958780
189
498675
248365
940911
540670
59704
293041
389802
895606
639616
45868
907593
846719
537600
719771
589568
221819
286945
283389
879609
318745
75173
623495
708434
419859
218485
729409
831455
514330
400971
484071
580857
764032
864311
704806
391999
473804
622137
417444
910184
206038
763150
764146
463268
177736
561726
46890
373404
358296
701606
64584
150119
818099
610041
997361
137621
232298
471067
460363
76999
823248
634303
816810
857495
411233
894768
723933
253125
535231
621460
226600
783063
695391
178140
232166
484704
594358
498908
225781
403585
360360
424712
808526
501301
135161
700323
931246
986240
490422
253280
896554
387484
858878
481470
4378
431707
60975
28681
272994
159385
586233
202567
386673
179860
705079
556634
159355
469874
54940
496934
336196
690937
561662
32049
391854
561978
685133
178094
550448
561676
850958
669023
354676
8371
501562
279198
103744
342940
483825
995212
954388
882344
392284
556301
243335
629715
239453
681818
469239
42246
411285
899604
441399
537598
987773
595292
881726
709773
836904
721814
235251
506293
267022
565684
149272
495326
573117
966551
855679
614912
194984
578638
379224
19141
632944
727996
918865
596823
145076
760991
619864
257015
105878
328949
893916
11499
246644
537202
630816
879788
137726
199096
314487
862915
342654
519570
337497
169633
223264
713012
411545
248043
77298
364942
328750
599863
900537
780737
623303
354566
358734
994972
287426
696875
954507
695545
578270
971281
679248
536364
190102
861024
662566
10409
405375
110479
706570
9215
186540
882543
744943
704652
301503
615862
478123
550471
242555
492003
994934
652877
445346
847019
260629
704317
26388
486601
421040
506422
649541
788735
670761
689915
616473
489133
271453
452414
237329
869384
972278
249080
714258
413834
24277
153979
924678
356510
814756
714479
129787
930513
577559
34867
230312
214170
760287
134618
228363
73344
385542
186537
340449
974089
687113
999490
579006
274690
952131
809269
232761
555725
299785
827171
379830
333275
195793
657814
66234
72316
834378
139784
924082
273872
449022
808042
944683
41114
274317
373810
821752
516462
574486
75283
463106
647566
305707
894260
894310
664384
634251
210115
228880
56225
191124
170202
317433
855558
139835
541210
507893
859576
469669
555841
872840
820961
903308
908179
412972
98139
286258
120163
417092
278140
384183
557996
104245
867008
736414
497577
629282
966329
486658
416758
42224
92471
327328
170720
769295
981601
316526
18021
470693
177981
344526
877090
373638
135465
54676
268951
970397
41972
865628
523483
219072
897106
603820
101239
612989
42236
748618
888178
356938
20438
914282
819372
694165
220870
938676
32186
27878
577931
163277
184261
354333
367498
37035
359810
820396
219022
431966
710436
753472
883760
630419
835043
97614
463966
437366
727803
978884
329355
27739
933746
22960
11795
442748
821569
805018
55093
382697
862161
74536
869839
568388
884353
240476
130329
379552
314597
5418
927400
912509
542833
951715
837851
207829
670149
941473
240478
43970
982980
767712
879004
176154
633476
361857
348924
387949
860181
575480
164102
671817
422472
357773
290015
876011
170842
386421
948372
326652
429948
746802
415239
644276
852417
599218
29256
807372
671498
210738
242788
12405
856489
301835
940150
946416
281669
871304
639608
416733
297487
562581
401394
492961
838061
459243
788767
936005
827923
462417
411210
183132
829222
739172
737904
40105
800249
864826
37212
183354
965009
520128
744535
94772
799920
577926
255733
460856
484668
797197
516347
16110
450251
503897
174092
162727
447511
28596
922206
607914
580095
844999
123086
148776
723397
566375
106414
466600
877400
699085
634134
732069
616537
192361
456556
64754
118316
618270
977294
186231
366833
433560
459121
57748
811050
832941
234409
991143
526922
843910
308161
673038
610583
181364
461282
953924
773881
128183
50997
315043
976069
768721
332690
950271
764260
894824
55314
816539
89859
67634
497872
837151
786455
461462
399871
471948
785174
644758
2594
475958
383104
886556
600445
604451
588703
950132
792456
447294
879168
108873
294556
117572
891416
1815
715269
493705
805812
786532
554983
637256
258088
576223
733077
487613
109113
588550
765166
329041
749166
441505
158660
869048
759524
10393
624345
412664
380237
699200
763691
445414
352136
383239
510786
183654
781064
40753
710025
206129
70513
268816
109234
402061
997891
330109
575437
887519
828998
107375
87379
8918
321253
378945
824279
38522
464710
722642
486588
970983
718591
656992
98022
592947
189061
434880
387057
836289
472212
857698
918307
659883
777010
400687
15173
542484
805664
553172
658415
378623
473755
513302
21856
815922
24929
210693
773082
303716
343732
314475
978800
763870
930731
256457
103150
69209
840088
688438
98249
660268
525039
485605
29748
777573
261592
116714
605530
849883
380162
543941
497157
653066
655140
846753
886431
73413
24751
382032
324317
324622
501084
445321
990896
708316
175327
440182
270878
115000
800959
774567
525423
894534
821930
78283
410874
913955
340831
818043
601149
130064
573944
887895
922182
882433
745081
820573
734622
860822
851717
430360
449039
525729
849043
182920
146838
364657
738866
264081
712720
277980
900308
931340
940849
830466
523429
244895
220671
96672
408095
81989
644118
694612
933105
299874
336100
492576
648431
218598
73300
895623
978213
224810
430568
616753
178910
78965
570607
474533
697145
135470
54008
984388
92172
549875
383197
791745
820785
826540
362040
172781
957562
132727
914088
170235
346740
806248
101817
125388
319081
115495
331049
525266
188986
688590
587909
320097
394652
928866
647266
554480
430281
327277
881847
716049
873215
478701
698403
160575
129521
408954
472092
159169
634146
528820
686738
99629
342463
812471
256982
919929
19079
313521
248379
362437
790319
515691
80972
723085
135167
39453
570473
824465
486936
572762
806384
418331
129271
905381
149353
83408
962813
760528
256485
137627
312621
371637
330426
11653
655955
223592
972283
232471
601307
19889
908385
487026
188466
962784
97305
91663
843673
76400
369733
252649
432817
400857
507088
783437
818776
709056
157876
717526
465622
158161
80721
505491
217019
179247
993171
623638
931137
840212
495092
45570
955254
22786
508145
790654
572936
629499
246677
323312
429646
767073
449002
954574
53223
204744
881194
940749
896570
119895
313173
290055
180593
9576
910507
703385
994087
740855
404153
944218
248289
697934
44042
80094
134764
353038
676271
441766
20559
943584
118320
81751
198152
684674
646874
360927
517152
276939
671603
961495
803148
404547
105623
42301
223312
612435
795509
842140
780488
864068
403366
218051
374336
546007
777876
996315
904325
709096
280712
2917
414003
11790
889389
651887
249059
211859
227271
966306
981203
963180
289868
372641
103885
70555
44529
222352
516821
754731
201082
9902
785563
81792
909525
441210
76376
205314
348135
255282
124368
405176
456809
794110
24307
416691
587705
920369
763853
127513
490037
681562
950809
782580
53944
25962
993537
688083
478541
971369
621154
227279
768802
588196
744295
545869
281442
875352
272592
444219
245985
278966
352305
633791
720903
304364
31581
864545
853895
301079
650762
907961
789379
971631
756657
580785
514132
883575
182449
314173
754244
796463
202875
406644
655504
110731
617816
751515
960848
751994
781728
775595
738875
841879
547135
312164
918024
194172
936838
655526
539471
1650
951680
642038
453557
69393
705651
184239
799607
857842
396039
213597
156940
885719
407622
54395
758327
266006
889491
232824
138468
491404
304959
522042
285766
579324
99728
596896
281012
78685
812920
33566
860024
327578
96305
769918
941554
928902
12513
709797
187373
123872
517201
361489
699326
804882
966058
184205
845919
553855
436008
77860
431560
672776
162296
839956
320212
469115
888295
131612
351279
804415
389334
59107
32886
480991
282763
204132
747355
235118
178228
49385
33464
343813
393316
552705
858060
910777
793517
933404
31779
837408
351832
712576
64538
32330
783286
208982
271134
467306
831014
650757
33566
974567
554712
632667
980298
750374
240150
286471
293738
423592
196659
863409
20803
923506
379107
729745
404507
970679
848192
840190
955855
62954
526880
212670
917191
930906
476642
170134
95622
836672
116018
873983
63561
543847
703297
75516
48297
843511
549207
762095
238986
379457
341778
105415
580802
938956
134579
584256
34095
696664
186314
944887
889402
294130
401690
897797
679711
503808
381725
680433
28403
216383
652685
401688
50974
860050
680297
522259
85512
418108
232145
307286
467910
232253
615835
123849
602202
938347
547839
210393
76573
989876
988884
213462
351956
718346
705138
72620
829492
272852
444790
186985
259802
515850
395322
515667
776187
618732
185828
486490
881011
218091
203358
646443
629103
817654
706441
524773
385502
540290
865520
60831
304729
908064
394821
293070
475851
310077
656415
998340
853411
276823
709532
111840
273213
283941
42444
161767
379535
794198
498244
317410
790594
693838
41938
781841
924866
178412
513142
548171
129267
825962
136677
470542
418184
616241
982739
60735
286140
912954
128041
178588
11016
12027
603865
642495
795122
868826
835010
780583
571519
733471
698431
411603
107791
316536
811241
181270
366154
592197
836207
280889
970149
944801
692834
786051
113994
149484
496647
573262
742039
127852
201884
842956
242649
912272
607448
606418
240852
450030
466257
251091
972300
651524
568287
387905
663894
741652
311386
682164
39714
290967
443988
527568
539904
761582
728352
372751
98293
672395
319440
769669
423203
214710
113921
603616
366297
767497
292658
843734
595547
696778
320572
654872
461627
539464
539728
290292
242983
524377
600627
189767
371063
462409
684288
897874
412354
642753
473392
436430
161031
711385
212464
135211
272832
140646
40157
357980
307559
840990
535361
11321
791277
154760
377862
533246
142477
237637
194473
332415
563137
502727
646702
122720
857618
946826
900934
756266
658388
199451
175311
477991
361479
350509
27915
977496
705262
308023
269411
78097
660910
95143
806196
229106
449313
614132
147339
683050
769914
280857
777375
723214
560878
917626
450714
619106
598442
848086
770626
378507
75246
813681
699765
916236
297792
161936
851695
419313
486363
263286
598593
300291
188126
420455
944001
303702
491705
477569
644858
884850
574839
648992
438203
953435
67104
124134
838522
277012
398823
611098
94485
327107
732574
324969
310196
206361
60028
597253
518381
82824
448166
177091
687473
836064
22205
158211
295272
46886
967423
786511
495453
883409
781891
213332
794057
852124
563254
399431
523578
350335
221332
904946
128657
171833
993269
587039
615653
156652
391680
119923
783446
641145
346387
648730
342267
838964
410191
418475
632573
412393
177589
473025
244241
313582
224470
344967
14989
672325
382232
203837
591225
825081
497953
247397
567791
761704
303583
440156
183091
487087
240401
885278
646611
194840
997398
776328
588411
486440
218434
867438
836986
878901
33228
68204
113029
373554
502516
632744
957025
211905
899880
830008
219758
759805
713578
573657
859868
540902
815217
671
252528
806779
979441
947327
354767
780567
160655
769438
134055
945504
947177
965521
424536
220418
434244
457876
82811
534062
29435
932643
800715
697793
183982
148307
484571
655305
556183
58405
372246
411270
365370
345976
487429
479355
310639
747032
246279
449969
456171
475666
525653
729871
58744
89188
578908
424712
815693
27635
145870
770022
299335
86449
234511
448892
200400
214101
359804
865847
561248
655666
684557
105549
214598
359413
98604
217126
89477
215902
549812
522994
871789
811552
450508
533064
624203
567769
677619
406868
624457
519831
561241
635010
394043
273156
628957
676498
651248
658850
459251
881602
398055
682545
479990
66637
905543
785205
793626
548447
946611
855035
739906
646191
636172
266843
220663
576498
982675
51206
182687
827953
916250
90605
308288
170700
41670
877037
898386
770344
484700
153947
694305
632946
510111
214860
164279
82822
317170
904528
87666
997036
674038
855677
747770
84103
957928
451431
929448
861706
136137
253188
336322
962450
609098
137347
545530
216989
401600
657382
143693
693323
861629
759462
984245
188943
572647
803256
629954
700363
265287
365541
844192
331856
62947
635406
236042
166438
175676
909955
8953
89672
208609
837201
237810
814930
177930
775930
392895
55711
592200
966790
929617
366653
131730
921924
78569
987506
398133
836556
455774
816289
144159
40075
203684
780380
301614
871632
671000
42308
313892
138670
991146
576246
543026
472143
244197
108670
860747
757223
741271
632674
951978
412476
764208
58432
271818
246902
219447
8763
280225
907317
871207
243237
703760
246578
475238
258034
237859
578156
244081
101990
527560
897109
656927
831444
254024
904012
568610
331314
875901
771100
70380
832038
883059
331295
444438
273337
47359
85789
279524
882463
505742
450003
135365
43928
333646
44996
517806
802195
63052
16931
957353
523777
395586
101946
532574
871839
803494
110019
637736
163756
105204
467753
258431
635489
671266
815851
718856
199990
684264
643800
628749
111393
437187
375982
829708
757402
828134
445812
693789
41076
799140
515949
391353
829444
92612
507904
613379
814352
593908
653992
76817
668567
882809
162733
993091
371908
622729
592459
309893
139278
418932
402675
129014
530055
968124
53114
138802
699154
422530
365419
406451
131027
301005
304079
44927
254168
968495
775432
692616
947877
341194
723989
61434
997800
814701
882538
968310
376353
751599
997736
676971
438309
696748
933055
8224
193910
788810
934611
781984
732150
238248
347
627303
409332
440580
461630
532849
323491
545089
764471
33011
695763
850046
321748
277478
439367
843967
125018
263649
137091
995877
314142
88521
148556
584200
404653
160526
211655
234283
95015
552443
506917
119560
833319
143055
527716
391211
522474
748509
827043
404789
736751
518621
757655
516908
632599
727496
920319
94504
705636
850994
688906
721903
858109
919497
179512
759199
146463
397222
382617
354818
528948
166
940005
609797
1472
62134
259348
876355
282695
218074
458631
339774
35587
914875
496185
59126
471186
880910
659143
