209794
865921
454537
539366
756941
864916
955319
802041
777689
820073
779649
189483
275607
90803
660415
284019
263718
386031
146713
405756
518192
33444
488493
823007
950188
823608
364368
918317
300144
112323
785664
905112
488616
631723
664518
802829
392902
491831
967217
316698
19539
347234
703224
910886
374982
437571
500918
265230
350385
595661
463052
537587
692033
32012
488291
964769
775239
826640
617366
792175
154815
222909
244465
258519
343678
13487
457606
750252
653382
830450
920409
607376
901464
28147
28008
618841
340075
498676
17345
315290
173835
135238
610995
61973
739442
875498
973606
372032
456414
990866
630636
822098
279553
458361
654903
203761
729810
568336
235838
950122
2276
301665
164915
136431
267035
585557
357617
259770
794076
125525
214348
403888
101898
94007
141233
885355
341047
23518
304776
181168
103381
484705
830721
730266
276520
534558
653261
738359
882137
730619
923077
692164
675236
370719
684517
732
768729
183675
874546
801053
750340
293308
106481
253673
124421
286051
567365
393935
837776
216274
646577
262915
99778
129131
681134
90380
990858
660640
329280
622082
414293
907398
183784
303509
998178
535579
580551
961085
191010
221937
8835
309835
69832
919572
483702
654598
121652
54928
400040
893319
761910
984181
350291
214900
720156
766672
121547
262230
340623
698371
567386
619149
519969
869039
2879
552126
241146
804067
676498
339706
396139
78832
547373
392782
611226
471527
924247
552601
316833
227070
895088
67285
751315
21971
555114
157267
29007
955392
380775
334907
955543
622548
70994
464192
326954
63794
196458
214513
788882
971140
936249
296809
382260
380629
861572
648647
239495
785548
548351
158957
834445
730560
807165
45172
653817
964501
791800
314191
872341
335273
167621
378171
620782
889241
539484
657438
16639
764332
230385
614167
22708
878225
429494
609737
469847
707768
918240
386776
672862
661024
173024
355424
458294
459952
888067
707131
600647
436532
889284
639483
646522
24848
49079
716799
584535
460846
420345
724322
249429
441856
354070
374466
594928
196904
670252
717584
582316
374548
119470
978754
483388
756560
826432
465182
79055
128544
428945
692771
757380
616274
676229
239739
326967
394135
45112
823422
597335
524788
661829
239392
627674
164446
846846
729778
745327
563282
675665
464214
900900
175448
344964
381790
783350
859285
18287
421250
806163
73586
163471
61952
50746
787284
293348
807178
688282
711215
576143
324343
598571
814736
275969
385410
751824
510608
124872
447020
772759
278427
159146
905051
452458
554918
808458
407038
94221
249944
75075
473468
573432
289896
918577
86293
393331
957843
726809
497783
372735
366076
877247
957490
352555
465427
997910
741194
782002
465063
568904
72848
634821
347559
853596
961153
695534
1003
550311
706356
422042
239668
681529
323740
819734
564773
776687
914844
142978
903472
347099
959391
477696
904766
348462
812078
177047
973079
872809
542302
786920
236845
147998
176072
355078
286130
169016
76365
391552
914706
333339
973312
86420
678448
926716
524985
446843
550742
936731
286019
639863
755511
840178
242017
87570
630249
394344
797268
764110
381143
10678
979951
854955
942317
647764
817955
505306
442998
962848
939122
483835
836259
655321
154065
415856
649724
241470
744338
994033
339983
314250
166739
202454
356197
820353
720756
286788
191235
597392
998445
371946
321690
955815
7383
232415
238269
798674
669743
205087
235410
358401
10876
660784
370824
994477
776739
954619
303522
229515
689035
84374
900366
571872
296715
340152
834285
27241
121334
860516
915551
586017
24625
522958
826607
900138
181081
670268
703052
674560
639107
32949
956317
306882
603067
111719
313351
555191
530637
89490
595690
994694
393
456361
887620
209914
380862
739386
688006
766756
166
704482
652291
577533
964947
857276
524043
730233
735950
299603
185087
359119
241178
892810
317569
80543
823564
483896
18253
947396
142069
465245
236378
242276
251009
689952
217894
280239
530734
967965
428528
272375
818971
464121
302480
271763
877358
808987
323489
147189
509267
658849
852624
74142
596145
15224
360591
278124
129395
515086
967245
897373
204359
64032
956558
267021
76232
685903
782710
548912
806335
959765
642803
796957
755566
772245
730109
853880
385715
20881
825269
836115
332682
873230
247096
313390
221336
606183
122095
114854
541784
292008
826556
110572
106675
798364
55448
141905
508013
290906
455484
635353
679375
832877
835173
507439
628872
397199
971288
666692
287272
356281
13773
476004
298966
609293
625612
419812
443735
429790
324008
518762
568411
54438
395118
313463
701920
940264
113150
923833
503190
850863
628355
811605
476282
734827
572938
347503
786598
201021
334460
630046
80216
864981
55875
766468
570462
674063
62825
421403
246878
682381
342278
871297
556848
64088
570316
125097
439562
305882
749354
14272
740556
384961
131938
292357
350019
506876
287244
632018
785561
769303
510957
75594
488303
622853
166316
615241
285916
368807
837949
235172
5461
448371
588574
34514
314377
294940
116025
825973
394538
439138
105777
629619
176717
821042
577768
94563
607256
544256
121312
751393
381722
900017
207530
767259
184681
82645
281734
515868
519336
734819
847355
565277
602225
757768
862545
728395
380052
635491
618521
196973
94704
434235
384117
544739
823937
65461
732115
955970
418088
448397
723284
827853
431037
232480
160621
593546
327856
93536
421210
872371
892880
609863
94701
104180
832100
789498
406689
406813
967429
183382
686197
2726
455939
55706
827283
632377
961351
724080
940950
255731
630002
681643
258998
56202
360736
578010
51892
302868
803231
297117
355689
132090
223597
999579
508908
577580
433643
75291
432121
888386
669950
63703
371031
959057
912427
556956
541309
846604
495109
228197
46166
95378
662838
931603
715748
731228
745738
862591
758981
932493
307808
88293
732402
369244
867338
329594
400391
812583
614770
449781
656768
332662
700007
612006
42503
483228
715798
654016
238691
21642
30692
295277
453543
653894
610824
23147
262391
417327
51894
772566
127793
717075
128828
436481
415289
272827
344595
618284
909041
300738
668639
387260
115489
610327
175779
450841
489568
951515
278648
955943
200237
24177
610459
546691
993637
460295
768881
303976
181336
823105
599204
573795
567517
676109
825954
711609
136786
990471
470625
634390
340839
66095
599356
36936
835182
156561
891281
750629
267424
554569
587801
388257
443557
87460
330821
435509
961213
379197
860935
986707
80950
423497
308394
583003
538797
382994
48683
282682
428247
405467
218768
60654
381228
65716
469938
334622
119064
837558
179498
38180
105931
483244
919427
46670
860492
401090
28269
528743
18475
658153
609496
306972
777908
277601
176905
832329
978886
730087
438844
979760
201136
341072
353705
678383
473130
820394
140653
875448
370173
232782
563038
822100
206870
593232
575813
334935
100965
364880
971719
718311
366020
705540
82561
701915
230966
597753
17615
250887
427046
509941
851410
126815
215180
214268
135182
200734
824275
319142
431828
694987
403967
411266
838300
890126
649531
553194
934324
556545
721307
794241
89226
306903
59253
719489
963232
752818
481507
774966
253521
698623
671870
305505
390448
336562
708547
305807
159948
214395
105248
234881
747375
598428
6582
550647
66426
307415
899244
665346
677569
350099
435061
137830
990601
639464
590412
824124
429368
707755
451593
39145
436538
939815
619921
691655
309942
607824
328035
888365
710794
138438
832836
87988
294471
508987
517931
560654
233912
777255
758515
848167
532773
956061
979295
701028
565308
661427
109363
986661
759005
182603
619471
792631
719709
640943
56953
370371
435680
237355
145064
522518
66738
844600
111633
884058
531234
588059
893942
696762
831587
65757
46352
290249
330694
836369
586613
959296
38405
328576
841276
138551
447662
188981
490548
12497
565087
287581
273485
681314
32290
385980
986551
35082
811751
700501
894923
317389
427014
266536
107252
503424
490752
407549
665186
617378
522863
237480
987158
492845
765406
531067
37349
35800
588218
785094
265337
843620
497350
882203
806423
374177
689234
400513
592430
179314
546296
8769
713399
33031
952299
814215
131202
905924
719351
236022
267518
753402
668255
378126
892819
571976
765893
459713
742748
682801
495288
295036
310356
246253
929914
231867
555688
575288
642608
592611
795067
4162
758945
674208
517805
72456
139997
30921
966977
687852
639418
852966
761423
493601
202590
810102
992355
754034
421566
677440
135021
780007
80952
730768
15375
251898
802623
613720
906318
300975
162992
659538
837305
935183
162488
970048
787413
165141
158511
307557
228350
701963
149631
421141
645287
36143
762286
695543
287342
993100
635849
437347
207916
393139
570106
597710
479756
504960
132928
946828
201972
332726
450558
724815
966226
596872
569419
29680
261114
787715
591549
209304
770094
604199
71392
393721
947575
735343
437975
733845
535198
633576
205491
229687
577203
364510
810686
476832
863963
739472
751478
742973
401730
92358
700592
59276
3112
298066
640990
308067
638688
683588
802790
327562
537702
811349
866768
520301
162322
383557
806670
1618
403221
241866
614727
580216
699935
631961
821203
450186
437084
717516
434688
753657
14121
4315
770881
385260
230529
419756
620873
684306
27095
218314
785809
44553
816402
401625
323259
19700
351273
189911
54196
345664
439787
406337
562260
632153
155434
518258
75459
323520
142690
779109
105173
223159
820105
561180
196950
912466
109829
703330
971721
15596
775363
814619
434103
151491
646498
796354
215387
473029
3359
11522
173891
444582
254932
187275
75426
203548
822186
111146
244977
301440
296595
681267
955849
651922
988934
460512
729834
955622
568847
802990
922180
707799
861906
871967
51686
270074
6171
439180
954574
573228
282731
347639
679048
841878
784920
530692
198420
468823
532648
455455
222086
186434
143314
996412
553208
564953
98111
232095
32093
650212
670189
438540
434595
706921
692389
996052
463150
255080
210605
714524
247897
380031
173777
515290
211602
466129
857180
5819
365098
150895
831105
582058
860837
333605
404903
37032
293246
829502
260443
516299
129205
813922
472534
993182
657087
885779
874652
529684
888330
853118
667745
365968
223415
663446
182630
609575
343645
727689
195173
35977
713866
346152
704516
149036
888106
637653
367754
112848
474941
810382
287907
803337
945184
322232
514833
55743
708317
258233
756165
266437
252927
152718
93975
640085
625157
900092
985934
810387
621076
163789
632994
212256
169524
265162
483892
366984
418090
884012
851539
971239
961425
277838
25752
757267
192269
893656
727101
718147
445620
893815
761811
66207
875655
101549
888736
226890
208693
621331
195547
339684
840059
606167
725387
552581
398405
224488
744639
715795
121745
852904
352017
124380
677072
781179
933575
151760
774806
755871
421530
385967
867613
919831
655188
530801
830076
793070
360844
989993
407491
197427
816097
618946
212813
184965
983268
559843
472
232899
377150
908293
399723
964106
563675
686921
734967
455406
549900
186882
869741
176671
142489
194703
274436
374860
431987
9386
577798
522417
873982
297277
69668
386516
763238
383667
723068
662691
591774
937369
308478
557852
329576
416614
262209
539073
564039
466345
424839
967076
703512
420260
195323
90841
558073
747229
477458
813638
21347
242052
987963
547129
669668
250838
349449
395792
243120
984302
143809
572735
80863
949055
312392
577896
695656
622562
592731
644517
820152
186816
854869
798716
113412
74905
384044
455252
134528
862835
969783
913556
526625
438727
826535
881838
762477
301065
532998
744644
446842
718871
68670
165711
823151
29326
354799
141549
970559
173806
589725
294996
30980
64194
660324
729409
916813
71261
338964
843043
516294
436188
304617
842038
352019
769613
100382
892539
592116
979088
856796
613689
143247
862361
840674
779195
115238
362997
798104
375853
816684
903521
349238
20789
449394
174868
845622
489042
767942
437644
850401
550978
777522
644798
190104
532078
613413
953689
376022
77365
139976
143468
366087
890852
937206
69003
763986
767590
265985
971679
999209
323218
639733
260978
110539
441578
471393
25415
536003
973844
743793
551267
156531
389432
62039
920002
791536
274311
543276
932513
819441
748591
596615
745447
154204
746992
200707
109890
782694
421453
545616
673819
485368
77481
231466
8845
155133
32360
346538
765383
696861
112087
464647
781859
868650
119755
481908
120225
323961
661975
775169
832800
827606
409641
383389
170631
607711
779005
689445
712793
280134
919685
716954
684631
327375
819043
612888
592139
687531
465217
233398
408039
918160
134506
249444
660333
912467
194557
866066
595237
983344
695595
78613
623102
102490
637786
496220
333065
545486
176918
721934
695629
288724
271840
285893
28724
595056
215165
392348
85993
286237
471061
966952
182894
641570
216058
573590
215184
595856
842365
685743
111939
830401
863123
55928
649645
342590
784174
353130
456826
567908
936672
543599
233655
811789
923703
12684
673643
108101
871451
338038
293678
854627
7798
589531
730011
565198
394293
614429
812011
174871
825355
667878
840425
628712
816375
317660
958904
675618
585482
568675
809239
107326
838955
496628
84194
245557
299467
776983
631382
157336
857537
865302
570295
355356
643993
287295
85814
153256
907252
65084
48291
412377
123629
354740
483478
33813
131806
409915
567515
475853
404751
858288
476409
789416
666727
56674
192502
604291
136087
542879
470482
789545
724149
1034
525459
889035
803085
346822
956509
271277
639064
654727
840763
22716
124246
229974
979643
591410
280508
882406
701743
178193
690809
285769
769901
35348
959492
311345
117259
167833
718710
416125
505259
472903
641626
1985
995179
503063
750589
662767
89544
870673
698262
699884
850511
546628
374625
912668
424230
412112
911381
809689
219925
903697
859453
295025
14935
466049
640980
278586
842212
675563
823238
640395
928878
661619
904646
986310
739844
834666
628146
671196
65751
235690
65350
892195
102984
30434
463500
297652
165881
393296
736961
2732
590031
337230
392880
396259
336348
150174
217104
19498
876627
323338
620368
840018
264173
638508
391865
722507
363309
519351
634961
67981
751804
82934
363462
163685
438680
227747
896712
935367
406114
175824
848110
567296
153522
501133
808568
732114
213350
8559
340385
267546
302976
519564
559212
619539
47631
701619
448549
393058
822495
228202
857202
116031
33239
203567
885551
534537
985101
873988
96412
756908
615705
144360
399005
294544
835606
420123
337506
151152
326792
627291
221302
592483
306040
480652
186594
788289
987197
515797
804997
843418
558882
14809
569444
558184
57704
715654
470955
795948
273417
157032
99432
743627
958123
750042
897173
68331
160752
67541
659336
683523
127967
489772
469997
671837
432187
410416
748977
789498
994148
470868
775939
879323
756223
351228
23309
345623
902303
767445
842574
37548
266649
739313
586101
139993
74311
847369
798949
848677
46270
398984
383666
106522
747726
900284
998761
679676
487114
97973
259182
510495
325703
807344
184570
218720
296475
361750
307266
880932
388595
228753
212323
718695
573754
638494
485167
503324
501850
584276
160634
970557
389894
45781
800655
551957
748038
452914
580234
528334
330910
677024
630856
660528
39718
883022
940187
316261
558270
42134
777259
947057
70243
960198
897374
544096
66049
736126
766953
338263
401648
582695
653857
95307
194755
399326
363858
43359
739783
917436
865300
112885
656976
353834
265989
83878
355349
810906
513333
430028
98709
322598
431073
612767
374694
315443
826069
535516
837559
906249
733541
217287
378898
80668
644974
864353
450202
712641
494541
340913
613730
377072
807669
308695
513810
239221
613934
859617
540594
706508
231697
601247
91118
211184
758551
74895
975071
88542
571726
386728
425713
660757
99738
713870
13175
511868
853566
630846
719925
97230
136383
234164
686920
795341
604612
415579
465846
32185
185794
529129
444274
497943
256475
721557
52295
600627
973738
245931
404893
270187
626200
692489
247411
230138
570366
479300
11016
560190
423308
988662
623437
4227
267566
549331
132886
883548
669617
653349
396216
675248
683499
606164
180042
886598
897546
950642
846419
648139
959130
740206
874517
484270
873495
525734
25362
52167
603274
34521
198410
345389
637349
838641
909437
597975
569526
14359
638980
241701
580875
38388
890391
606235
767154
972564
122106
72048
937130
153959
440629
791840
649069
735148
755527
611560
206938
228721
976508
317922
55315
639649
34220
352791
80489
561811
487937
609948
590564
955398
210357
889687
876178
724367
365382
234703
608949
434536
693769
792602
194112
378206
732719
86370
472647
266722
334393
196463
342234
667691
761515
656575
170933
161336
548277
860319
743762
590004
995195
375598
805782
554798
466784
811637
713085
238744
137874
183913
565631
652188
92496
817919
580892
67071
615822
259709
928843
179904
992337
219150
966085
892354
924343
965277
749103
278699
360304
641873
113065
805019
587319
634017
368377
896182
496703
960388
740398
641656
138792
84038
859970
153444
319858
385859
534560
48040
831527
798353
480288
37809
797713
328824
349763
938726
912051
959599
568181
974065
275023
853431
743020
406084
460974
157908
387089
605211
909361
809663
166246
805564
794185
204633
739869
550589
875996
829240
885798
965076
337767
78324
605255
184611
16043
309744
461872
899435
290748
46723
506516
361749
13811
385053
460735
952652
207730
67204
944864
768279
435611
223496
801627
317438
605032
445716
286007
459572
940719
763390
437530
248838
754303
666627
278869
579826
860298
341358
401891
312272
223281
41700
680810
929228
797543
339043
912211
796231
329797
938150
119504
37834
983582
94066
10244
897112
663796
712388
953884
495858
156720
620511
359197
756655
940924
615325
442361
554196
295112
275187
457085
690689
386770
516435
383284
734226
131504
187295
908050
784450
447496
108289
824715
570041
64036
697911
379080
273158
319131
939309
450003
613419
9374
561056
229975
898080
985504
101236
664027
499952
193578
694802
943351
801887
747055
930716
28365
142381
629972
750717
745658
485063
982214
830465
162632
831468
621231
574976
603146
732370
816702
651542
646531
802863
480874
888493
291807
276610
774351
185168
458063
252218
828972
320566
947576
910201
984826
111798
295688
592311
13550
280231
817134
421635
214258
119138
615925
846191
481591
815640
118860
658908
829880
572615
825954
453988
903802
707558
971358
875970
872102
245408
247921
392001
917405
368482
286587
706130
921223
915078
314718
436571
295785
938315
724552
929126
777706
214307
223441
80069
221037
341085
524872
394656
705433
118581
277157
452561
391278
176005
706722
411742
798324
174123
217583
309888
297848
394600
115590
441372
796606
885741
50739
974808
747841
222182
545532
64023
755714
397310
934389
949134
414368
980932
788515
922950
536149
569031
204232
229966
28015
589618
378598
861318
602667
305540
182333
308226
45231
658349
737881
323807
334799
56347
849311
81419
903821
285998
690502
710667
157278
567718
534288
736877
894222
119974
634278
748219
357527
307699
241515
825475
445121
691463
441199
937793
965623
868289
353242
526809
41448
363684
5791
628984
238874
64695
63577
882662
217320
124915
750152
109019
769893
15277
245092
886918
586376
561248
986768
896815
105935
61839
389456
856389
163152
549917
90948
718140
767036
373574
623654
525978
52726
138560
882632
675994
908885
35222
848456
131296
611378
809119
300812
704889
527470
761204
165175
374791
715486
169782
303708
217388
640286
494201
590605
840997
586615
19367
42779
71407
247059
69427
508583
960618
558723
560179
157405
908978
774986
967669
897906
810171
503978
467460
803088
288359
308303
283445
822923
767916
786598
672806
828611
381505
544966
686973
441350
942061
947524
37840
212900
411763
514666
119993
634916
255538
688231
654289
585403
491788
167135
747131
524975
402999
821575
4119
741442
684074
491833
891562
56023
348600
512769
905920
550128
198530
506966
560748
599601
721199
103449
836494
808831
633336
272598
510124
768818
744749
79804
803348
892246
354879
894308
678867
410988
496595
183634
192629
811507
267688
968968
287453
131970
588660
446224
540734
424182
856677
110379
982844
667338
387683
470932
678293
18782
923272
433427
254998
708815
82697
223560
457959
643911
485165
968086
165437
937291
227741
820943
841622
220441
909937
906709
905467
779810
905812
528701
599604
293103
54911
198402
518878
992268
172938
37402
917611
204623
145170
130251
359671
217999
827418
346683
141988
925880
465037
451175
588140
123909
391535
51955
419740
845338
1101
99808
355826
508267
159671
312783
919657
313505
133585
779492
379057
817373
751019
806207
144255
185905
572094
273563
495758
693553
458629
364435
83714
988105
322630
958241
534524
489359
282831
52981
450218
540309
960005
641466
707597
708735
920719
873949
140407
76207
555153
905371
122660
600876
656767
144823
94763
28567
984109
232289
408296
930623
650998
609041
382559
922122
93350
105720
722485
790858
247260
703281
184267
966170
808768
614018
721609
861931
452434
665112
595759
863183
671648
361917
506558
773282
227726
417960
908707
85285
362078
393345
15393
4923
113253
497481
830866
252284
678304
730240
600601
9381
528719
782092
155146
398573
280612
960740
342967
412326
33064
125819
44218
677265
73721
964089
574383
441009
421030
406450
432048
904752
617689
33802
619574
682731
366663
361351
862928
865513
699252
950943
231592
7127
962154
461563
896279
565586
630013
834327
546099
737850
748192
343881
290056
784151
211631
63469
266267
125817
214022
192493
953184
723871
272916
717987
741543
475021
252334
36952
480092
527371
264768
946992
582183
387888
644283
338464
931023
582480
52833
26618
507631
712351
767880
241398
690635
596657
26300
625857
732931
621110
777678
200158
124021
518012
283027
175434
760147
540137
644996
251772
206997
127059
356145
952023
593135
180064
720265
983808
70156
11744
779416
842344
774875
398671
658340
5702
110593
783286
82661
574875
764568
545595
124133
951847
901836
98264
515237
504850
363230
982186
624914
992727
627469
645006
169140
668036
159766
806181
96719
426259
479083
439926
523676
231238
999067
858467
644734
332306
144763
877142
310295
363142
403275
297971
129033
494464
522832
893814
730722
306577
180316
542911
751700
353777
592990
280158
793038
930295
130375
521883
997491
743307
243683
366541
430853
236445
597898
201195
534439
41742
481987
797105
262024
548450
48000
88362
316092
574031
891449
825979
16756
944784
401825
145986
320740
313943
65658
589791
664112
473755
672403
770396
823759
616154
216721
305958
603383
207561
256207
776753
910405
879926
598719
311921
24570
83799
509526
936134
471287
927975
684292
368327
187066
314990
823564
664337
581625
233681
880787
667249
277034
598447
395256
248045
988645
231402
694864
299234
852713
294316
519628
219135
343537
153739
701785
603794
116411
864717
800295
263896
497706
904478
430402
840740
825317
445991
714452
966747
256314
202278
561811
599677
656306
236978
704039
165051
362758
266369
735912
802024
805255
947421
348344
658187
854743
15908
365623
591783
686070
507425
42748
868155
94257
304258
807094
872950
442053
272117
287332
995551
179275
393188
331778
172025
856135
893809
728644
971553
353482
662166
34124
410392
886368
326699
229434
721742
82586
12060
231207
779193
528696
969813
47501
706753
630687
274940
142564
525266
120016
216483
301940
900787
76697
453038
338101
734136
707420
723386
550918
440335
747082
68550
120890
935029
141137
414584
76903
942830
301200
479366
744860
98848
157237
688340
723076
303999
7086
18948
966453
962513
898791
86769
14142
84243
245155
840400
745039
44050
669591
357871
420860
635527
512630
770014
772596
274154
401514
776231
578963
63145
247222
379617
878767
940520
464373
197260
276853
808758
665560
12149
668850
426640
334167
593073
42725
628653
819815
109880
110689
955704
603452
244361
85572
383733
322299
830909
533020
788212
922238
454508
602214
153203
433605
579257
997403
922526
869863
925828
951548
628050
473032
747684
381582
649577
112802
776964
967390
249650
552688
587918
6219
746039
186816
685998
494895
960984
380035
11117
567627
548990
311265
104452
613341
269902
297266
488339
701084
992698
40407
761670
8198
423858
478028
407628
44513
667230
376492
60381
287112
785987
212816
54328
979963
3306
245512
296956
562059
180687
430890
865555
910878
710250
171145
677760
66772
944046
243011
128073
330827
744211
370305
408784
503639
997763
788251
835049
525151
884488
165203
644200
352667
408471
585674
428465
910012
774075
933114
320646
820262
351283
956835
813514
965121
447815
332815
286964
917701
942271
961366
121364
147238
898011
355195
292921
43021
840032
217378
98481
144338
902708
92823
938216
395826
827399
647507
445855
740995
818206
513575
52665
214504
823393
508772
584461
855154
15776
92384
490034
225353
947148
975123
538480
875044
953255
598536
209577
306319
106776
528674
616940
516147
472682
694407
68407
12406
49535
175870
156259
130445
688344
673039
835443
822754
243498
743741
431344
718712
823444
671529
941968
324039
693240
729813
814956
343351
483102
163701
251560
662054
657236
600167
265843
484892
970936
831827
18215
981384
893073
141873
894102
347695
587632
104913
318013
717236
406038
359329
77493
819217
778011
273341
944204
114734
952025
886236
912978
911714
434899
688523
473284
513666
667903
205287
105155
810341
57223
522220
411539
967495
438997
526410
753762
26758
127537
485244
828453
333910
794904
26435
650994
626332
751150
658230
542018
590422
916006
337815
428428
997863
617477
779830
595491
79882
108040
117268
925916
849818
832484
570268
750171
980559
42915
309056
557478
111867
221589
625558
83212
988777
596875
788715
462776
417049
247689
662903
539123
951612
562028
221174
188775
528644
861819
66715
961279
212738
517693
629580
427084
50753
872251
162164
474957
19509
550329
180838
783368
668228
170475
857190
256003
329407
511402
691350
572262
940873
97713
620236
393380
594148
49032
416504
768360
91743
47229
107984
143314
552833
42469
292448
737890
446829
179514
214721
668365
550192
40329
862515
884396
497176
895036
843469
340145
985090
162365
251458
383480
41910
417778
264456
935832
980819
699708
345171
737788
4306
234304
338907
851903
960380
585057
635843
463102
231818
576782
266072
747532
709428
651783
764305
960910
911918
291726
224350
558313
275449
622455
588456
228763
257646
43087
143559
228809
552538
471957
299110
491447
668594
46558
20844
554042
450457
424679
212063
32457
610537
869597
423529
567324
524340
519766
42103
277506
693807
339812
204410
400410
73085
191939
987965
783789
474617
964380
669133
366235
727263
854881
62239
198004
277011
647350
880634
41389
594001
61306
734540
769681
750061
654398
617106
902636
567398
917353
188282
385538
609481
269221
137227
648727
560360
453937
634024
52686
796151
990327
222591
723470
389906
949173
170316
853378
91571
713323
120030
482117
198649
549000
815009
136775
483383
4387
338579
644231
798009
88821
663332
43474
824515
587430
665234
769069
718176
659723
859801
179195
613408
488592
36959
19476
363702
632917
367183
185668
625475
160318
64926
630128
912993
757147
7685
744592
217340
726159
91544
502374
649863
612265
349392
719091
893762
846327
448607
551296
422938
338034
812417
716719
246098
743996
754264
174336
385860
792260
911122
991268
301255
441759
902625
657426
451135
790429
991696
366599
551321
108080
535459
812651
252330
999417
366626
848318
417673
541285
240072
238199
553683
848625
838714
776352
765802
850314
883035
215924
934368
835425
48148
911715
289265
769306
193624
520971
66852
532697
387198
261839
159190
251226
244498
824327
651821
822940
101428
947222
268892
594632
167018
165796
397590
677194
696307
121623
853936
412427
969
182320
453315
306846
283244
608607
823844
479963
91287
921160
818659
899285
207272
600767
451890
366898
157390
116112
614045
666448
675426
235881
562894
750347
125815
605121
888176
286195
871442
660223
664766
931605
373488
651126
714486
845296
791637
916140
653747
884365
740017
80299
669964
352665
83658
721070
654263
609763
840245
219720
459718
208451
394454
710638
278318
227191
991993
531887
699892
305372
144174
524772
117078
580914
333330
289762
550535
270248
451393
96554
560547
775241
317918
2373
627640
262903
22578
632810
379818
412285
653934
849695
204828
975058
859510
932542
589073
147078
364373
67296
635691
185010
490584
484360
63700
254447
547036
530209
80284
354601
205234
926232
583010
143484
130722
475879
551024
305382
203592
98354
723867
12452
105611
685267
877540
598392
245665
237025
517748
525223
218940
616963
409265
16581
465129
252352
650740
856908
434892
690573
704793
829151
335204
867601
427652
187150
907633
54649
243962
864975
532028
766844
667716
990066
736
764908
870886
674858
266382
607734
241905
243250
855462
685578
376274
550304
944038
304588
617636
729018
267444
746939
943344
833103
660845
862765
413869
528311
848556
36599
355160
27564
948263
627356
409079
794753
742203
432286
799586
43695
264146
107723
295844
833381
166909
862081
675279
115871
950858
178136
900325
830970
785133
720526
748958
977583
745304
623661
190372
299662
103889
998370
506618
239442
19696
854155
963956
359745
512680
966704
368030
127250
996601
590210
934463
437814
81645
925582
19740
884950
50562
30957
998796
531114
835382
47777
748864
771617
340729
559356
729770
292276
143913
176052
944993
967996
133497
653252
161125
887872
838902
70750
238034
957124
753087
650863
843119
49932
216192
341965
590452
690266
868187
870653
452249
29388
731549
453883
600237
824427
56137
296627
778020
869214
87014
672837
182180
355255
257280
464133
236684
719390
893263
798391
331320
938926
994501
361345
938265
49404
716060
670837
541421
472676
510790
824301
412686
954203
825903
637790
409630
353501
364263
492040
874845
156829
848387
256999
108300
819085
575170
565350
375315
220393
517164
563076
557256
36206
393703
786963
135082
123845
425197
963429
575159
764110
419231
128689
894638
134962
353972
330676
184817
847898
412508
73340
516663
745171
205372
653543
178319
448655
678489
806595
304563
982466
404155
588594
661552
50221
378934
545045
510651
913810
525989
882578
135046
770258
69432
578671
944885
101510
777132
598052
338629
958210
756280
881584
916112
239466
735706
644336
677331
670321
39362
44826
746132
311921
586698
119989
771966
202696
265927
580887
973569
245479
243205
91640
200036
465821
76056
186565
275855
486910
73687
662615
494000
368937
249893
33603
730112
287491
5756
657552
558381
117950
104449
400313
887581
687592
824006
121441
351211
410938
279050
913054
366038
633612
260579
773776
695168
18649
443629
302101
855367
113540
774578
543670
233264
840615
672763
976296
442588
317437
669359
582884
787408
332708
433047
715182
832972
522788
254874
109919
438852
440397
269661
932422
468610
761132
199278
177501
526954
367162
551609
796559
949215
112547
988311
928650
938849
294450
871659
175374
438812
463853
550950
895409
487652
872376
737595
72597
736635
419348
509805
496761
971615
286159
73794
982441
937157
743346
908917
942388
837014
560392
977878
552755
963567
933561
557309
870959
440545
297529
55488
585083
412000
121198
902011
264924
486960
700026
27058
611583
209973
633066
534608
133797
670187
643138
421948
311026
625584
628282
802644
941365
197042
292851
923165
808266
341379
274971
110753
873097
138998
594633
322830
57142
137166
638479
220391
161640
36178
897800
479114
731474
588170
16973
478460
911715
732817
330169
385783
6415
365032
12018
681164
355522
368517
970708
246192
967938
136620
153246
886535
282411
706227
365432
140486
474514
38155
998676
76220
206488
754828
190390
327882
872778
219927
74562
320866
670297
716261
75703
695175
759064
804579
652447
908720
682855
427884
325456
867848
78981
142388
770894
737346
958517
238319
527250
75153
783498
539257
434972
876680
191030
174727
488069
384913
873724
544984
819926
505538
863574
498264
633280
429238
731592
94739
149987
93061
775094
873613
517984
398827
644278
453956
316747
118542
502025
291260
507859
695280
601222
178339
65285
758687
535304
527523
350846
525199
761677
217935
453549
957487
9725
316997
444946
126644
222289
742489
239090
383012
78640
53600
414390
510474
233739
239757
575663
200776
926524
716045
742853
295756
178877
764413
830847
574184
374700
603621
179301
840078
462324
272330
14310
746751
934748
725753
787610
291098
781619
6044
169995
978228
996013
21910
179806
404865
297496
478028
830275
923732
191063
487454
827099
571617
671226
624299
851248
172656
246573
920290
578850
725111
445753
513034
976902
240698
695165
413924
685122
382950
128266
169770
345160
680693
108008
476448
852752
671886
319299
384948
825577
701725
174776
993471
373
17546
795127
946166
697282
763253
839699
847179
495060
756624
613189
102852
69
491077
18955
80936
260232
363758
928665
710763
711029
504962
801543
164111
253730
516433
965743
705673
80283
395220
722797
793274
381256
818526
838182
520669
693918
466541
808108
561820
174405
154930
425672
410101
375549
138853
722993
768578
891052
709226
641899
194665
111188
669137
794810
628853
422126
878488
352268
995359
548882
570216
529879
593078
271129
463872
44940
670813
89264
693987
811463
247025
432871
814101
995408
279944
744356
153743
446963
756098
12046
683655
123578
438657
243612
571511
17819
996258
78948
664547
710572
785564
255654
452684
759059
839829
823245
105153
841263
45414
556425
772456
955223
226039
638845
524087
873804
71367
981870
927699
237072
191383
382661
58535
27861
125306
302618
4525
853022
227756
989830
738623
220976
102577
290517
519678
584960
978771
934323
859633
926519
593149
697985
677505
769656
403335
345468
964320
463167
219610
266647
113567
954287
142927
209144
142
880131
900113
520569
68319
309572
329860
477700
880162
217076
571910
260264
685594
207853
172268
160581
690048
394442
810736
949707
297413
466349
24452
944705
312058
892002
376980
778263
764095
927799
715639
66523
846433
670642
311050
799920
311427
619075
275110
492501
566318
372702
597916
351638
717334
310581
979545
900896
642184
956243
56151
305339
804693
31608
404822
326024
296110
796395
593587
257987
748237
894986
678697
130235
134439
592601
80042
49342
264381
749573
173241
678991
376654
248555
511822
506504
955112
439789
327175
34499
162314
137335
853256
509345
243421
420609
637742
191852
325245
335446
997070
188375
275889
501845
101021
653501
783488
771021
986373
652883
983637
456219
906930
202024
3270
547196
486817
690249
679197
583079
177422
122473
98600
731252
295171
687732
946355
174254
925958
393259
291251
149766
841866
623915
445727
521468
767630
683264
610743
294309
447772
530130
141640
392807
427380
176055
910653
1246
466664
683976
997836
722356
56044
269098
67228
431642
332962
837013
113617
791112
848277
751837
894694
778388
726685
844597
595710
785711
236401
312989
844145
741952
137386
90035
714481
339181
354011
646497
414834
922081
918078
35966
64610
617527
201123
382015
572604
461982
825188
423103
872987
627764
352346
431805
676754
263737
265770
734413
952401
887207
587640
876558
957684
413325
130470
110459
873740
374512
473429
327547
251534
647080
231976
554379
23933
779126
720340
962090
316885
902468
337406
915187
519848
874454
335862
711773
932777
121353
949998
58359
440637
9699
982623
234568
145995
272041
177121
638386
804782
818136
916662
452914
343758
329473
473596
732482
598474
611749
138514
667513
613194
218187
556947
798740
32857
930764
104103
674397
193420
426288
414803
690214
929595
64899
942021
350336
652040
114655
652893
530199
504998
795235
519166
233296
672748
666301
911667
7818
568554
74113
491883
671954
759632
698277
249708
477297
539298
209931
861044
322560
531214
122531
25375
228988
456195
305140
547984
511508
772696
837857
92214
88845
978868
884372
140206
310850
175487
599689
338759
465402
399594
10691
21590
594263
949330
836495
864440
206331
867333
191206
196517
478840
889442
419243
718610
845664
669690
660843
931652
299490
483788
263150
957022
113595
483506
868647
34199
791467
891040
792767
586788
223915
405759
398553
119086
143675
47109
185743
808028
335937
935656
409864
172077
328189
179065
766803
644994
167449
687394
340083
94563
637570
274454
494249
991909
884501
775645
849532
448600
778302
890826
842441
730184
882410
194916
322831
606421
152255
77442
257856
925772
960224
79111
225256
431295
99800
476178
192284
671224
850184
259520
443873
415069
356874
774730
954681
390950
748624
341882
231317
473751
34171
487846
821397
952990
470137
766363
398094
590942
526505
597556
974103
338499
676937
808165
135380
125335
354789
129624
637896
196833
236229
918036
511536
824172
244938
247991
741813
624365
552231
274804
307997
671526
271077
178325
351817
922491
364575
937962
905498
18008
634934
635614
505215
353674
531057
697731
257079
983465
750697
92518
949463
16106
912260
926456
574935
211119
451686
951940
44498
105429
475859
861316
537632
361881
703224
871953
178262
854208
384701
231126
582754
514994
351025
339595
343082
516526
509075
344196
441460
475475
367453
630000
374328
814107
402211
119005
451496
384408
393091
74779
584901
658267
686356
798033
345609
361206
338162
791585
903976
702192
274579
56900
901565
430999
482842
80185
356053
601361
669180
574936
341759
624278
609100
428787
863492
68727
407445
915634
133496
38035
360425
333159
516348
20300
275324
404132
502328
227255
169856
481545
296619
409994
772857
549203
497486
661705
513654
507248
236457
987939
477677
374453
802888
8879
779876
485389
262236
61038
303576
659009
532223
914175
270867
979253
892316
293317
208266
98513
184171
672667
793957
917576
44467
102767
214879
593837
700729
112707
427690
79892
784995
465998
146820
367510
994851
619271
730113
133339
621266
95289
845764
901483
327451
55180
476342
451199
26036
153722
538632
108906
409273
159330
893814
323516
83178
947061
705276
248120
299766
232013
22140
672273
954803
966421
569505
159844
17951
599645
199876
899955
177538
607418
962188
69530
365826
51667
838922
118222
231079
135820
654628
228529
671371
370103
703897
211496
431018
748680
595700
195397
934549
298359
890821
395195
28202
872213
19144
308268
259028
854632
901880
501795
630521
745739
328117
947318
380559
143526
964053
366442
757559
139594
707740
634604
26882
786438
961459
312476
651532
48217
620151
545359
777319
860123
882839
42608
370791
26638
207709
149208
849467
117468
547120
58302
844492
87724
878090
68457
89901
463780
501786
251734
413223
808161
453476
209635
54246
43537
83966
470383
206560
198476
971612
231454
790153
331250
902769
984105
711908
284590
679958
23361
154212
224528
606416
576164
239688
35839
654177
752731
932493
27981
259844
901561
431131
998550
671466
353456
209598
30081
999537
462253
58210
641207
895935
418768
999605
212930
606819
75418
329057
967085
17614
603923
788898
512154
440452
174224
578088
216718
706699
708287
334522
490750
714553
202759
519097
138513
18939
91079
651745
249010
286108
86395
481684
293848
671366
550992
157080
894064
344064
282601
800399
717278
506081
803873
561596
831096
166163
120190
212821
713790
924955
776616
84153
469845
191189
974419
876246
435945
589444
309511
746155
332486
599182
305631
796165
984305
42702
499734
275759
360361
41519
922869
733762
749308
10962
430464
815930
866595
668712
667552
833482
330002
674337
835622
604904
593695
419745
337036
791456
815476
617366
224947
49700
877677
983409
664235
321939
318668
707500
812888
882382
349252
132764
189362
424359
779374
909027
647608
815652
411449
206665
857201
873217
851029
257846
873402
332438
115096
537467
536086
772565
943190
21499
25368
230283
531291
553930
671975
273175
763653
843169
403586
377155
905966
689757
1542
43302
90480
406289
775526
47100
893778
297427
570183
471366
972480
321576
10229
75732
726626
382126
354572
926845
590945
548897
247120
911322
287073
607872
973255
288061
395292
322158
889152
961098
234502
421538
173535
40757
179331
369699
650568
925201
317170
123523
279388
659860
300069
759241
364198
172893
94683
508724
735739
279274
668444
529666
635268
83417
861992
661827
327364
293242
174787
768661
369198
887369
530921
917893
535086
193940
20620
223932
615159
350823
658749
287837
468169
815666
262585
559288
584072
145380
797236
725089
711051
563493
745055
419184
741333
165751
624615
64016
403826
165696
163703
168484
740219
946397
731411
808513
906321
710525
138519
79626
822129
800538
11771
887711
206145
537633
679266
970474
929519
835557
952110
884651
396091
449900
780457
756767
12225
664187
157190
689860
855480
934533
932608
322913
304260
606355
793115
393395
928935
61815
152160
840282
187356
37591
434244
325164
651821
532376
90368
866540
800503
544068
869877
412071
485710
470701
188481
510756
402795
948852
323188
767503
761790
861392
177058
115408
598509
902068
865926
297170
826547
108167
533777
94719
641658
115637
66892
610853
688387
461031
738232
123622
624359
455276
506751
983819
408115
903346
250700
127918
268097
229333
571700
953476
36190
619909
966441
177531
759831
45642
337416
623031
256611
101878
742829
910899
707722
86920
367789
947845
336062
342196
945891
107366
354585
88990
812294
33182
816381
529887
649876
261549
788106
331954
283879
491611
30826
546708
264822
805803
929937
120765
52435
520681
992848
160880
546443
836705
567381
281324
736995
895444
765295
554400
448851
228031
317004
276311
549179
494708
967731
268126
759384
451547
854638
497649
313477
812756
998145
636668
139853
480189
910415
635747
156602
734562
83797
698608
713016
322213
41246
397699
828003
821055
136535
992387
847284
624767
259888
639568
69442
900653
280964
12701
496094
242312
628296
161207
955155
64202
87784
322479
151141
175896
821834
744233
102195
160952
794538
17562
335229
686242
92120
170658
384282
739153
734914
947264
954336
707493
824665
647361
59541
95731
560753
390706
961318
967042
878259
263473
33156
767484
225681
36160
353478
889313
319175
643665
841599
882838
326818
944462
881503
89582
389156
381015
857566
822517
757479
758615
91741
114608
367228
152807
997951
583092
183869
908025
677265
490836
232969
625436
782326
906692
438332
565003
612808
16870
79260
241582
902317
595871
973920
50724
591471
229699
835843
325424
748403
539292
388197
167660
149151
848903
729015
182156
649690
559869
297570
557862
936559
860953
251643
952344
857473
10121
369584
847148
900990
712633
20197
43090
315800
349934
999607
560018
185263
391330
432343
133500
830598
338290
300556
307486
778163
413764
320176
298822
949806
419355
743286
418167
975987
698931
940448
232940
240368
589389
936783
975533
494305
840283
455399
243045
430053
475583
259932
10084
7454
894103
247926
660286
447904
631043
241140
317600
715726
742380
455133
737617
773289
851075
667728
791332
280816
579933
325442
300618
496419
888304
970401
634066
409347
664611
705790
861673
3620
674246
347816
253416
292519
345294
351940
985403
736259
71782
825338
674755
143453
836976
299324
118471
343978
761704
521501
133156
548647
688919
841826
683080
241650
656964
746846
173286
930579
779240
128459
669552
650115
149474
961723
654910
961018
417680
579707
128229
555307
864706
672194
503229
315149
657054
532609
973521
143698
255006
474798
875000
698130
276959
770494
816321
963417
585180
402223
112187
902021
698426
932305
364274
293493
996478
815890
181821
627062
885696
817652
48685
887690
131525
192020
48524
53706
126820
446478
426461
994289
8211
172415
377930
2304
966334
330557
22930
28401
268046
350806
325397
336584
557207
455397
322787
238870
809131
30579
350265
289521
660484
468487
333923
762475
726228
356488
203679
63266
455029
672692
556616
509746
539543
938809
527644
998904
111610
578660
825745
322723
866849
970465
250870
401932
708122
790182
380716
931629
7520
875363
376693
411445
947409
546671
271224
695285
375199
795302
331756
403793
897104
780479
404752
729273
932985
315237
476489
538234
792997
346337
520539
240104
372081
846684
483314
128809
955789
290790
498431
252081
454636
208645
140208
346647
696504
846873
165707
909143
222644
612196
992997
783311
176708
536915
690601
552016
725422
750273
631555
125647
268711
937344
225326
780413
763405
100754
514233
19686
317622
57949
196504
75088
447695
992481
847437
873021
981411
798274
39120
786396
251736
38376
695143
417083
267670
409104
599466
341306
7227
635140
669715
139625
435500
317895
64740
545889
169089
761819
716685
784877
737874
255891
855494
463458
286712
687944
852831
22990
962903
535754
314472
809129
244771
675504
639377
500623
461886
632790
677427
670171
292625
773594
421624
604722
193922
482924
460368
665471
102407
506001
929581
893561
828880
287678
700613
440022
639993
941470
698931
903494
494631
93861
456266
564146
48202
810732
950112
279338
8681
721585
27745
822997
77524
5009
317520
312168
43686
21153
107039
849649
140277
323445
504120
517193
735292
319915
641465
782296
396760
437081
255303
844341
824458
903402
998854
695473
753243
318498
180954
23539
266659
259775
203893
28303
606844
476670
387855
152754
839689
295587
83351
768607
102296
616459
435818
807994
682629
894682
336628
972321
768952
493269
814812
477632
127741
705713
498895
955957
106469
348245
565000
410311
907779
924275
473207
465387
701716
644172
835296
876452
777055
722714
877121
789195
759011
175738
51151
798527
884386
986342
954138
488416
841563
49370
776433
991463
412657
912049
472383
95804
199520
736935
189165
225921
581234
345106
330156
712791
748449
745526
175618
102195
36648
861609
245113
260757
529199
516653
21899
617341
462193
839677
459546
188781
418940
684446
381939
869233
405141
145197
285525
883232
320161
250440
423985
754579
946447
644965
379430
220913
755498
385735
129431
119639
922340
663998
439875
399831
944839
463059
941757
251424
628729
98638
744874
443508
256910
130221
39754
17356
718232
611843
267110
593794
731942
478966
733914
128172
329328
772790
114429
106299
171187
274445
14395
57537
366474
623568
75597
328745
409764
251811
581412
678348
416068
425330
40107
799345
911341
78043
355290
553671
24082
139864
471666
420693
109565
446
589082
719776
749405
841916
914522
550590
53526
175517
375517
151386
678144
120369
645747
757196
737549
255179
775755
665775
447624
140109
842639
794308
251450
274414
357791
810540
734386
244876
637789
616
216347
445970
367208
995316
173832
349505
697864
489473
201353
193535
874216
559462
296933
610070
804648
831149
350401
56318
532452
773318
776106
939667
77416
397442
232181
775257
130200
130650
94005
256644
898329
61433
108904
626609
994726
877627
257563
52356
644326
162138
955024
727089
43970
542365
670772
314044
357273
704068
577366
87435
512547
759022
27599
905550
662209
274487
312852
213708
899213
395055
934568
620132
221014
251624
214409
874837
121662
323765
741863
784212
742348
947242
398875
563054
767613
600300
230026
650265
469756
20165
409663
552374
167959
332494
832869
62222
701686
444698
735095
138709
797773
396925
847178
363160
965238
230124
549843
987350
915906
633181
631739
497499
684607
146689
32478
316956
652196
741356
950067
914894
990830
31229
881710
698164
225280
441362
217403
734725
608810
527196
168319
845339
889417
234034
19163
30854
282092
214384
628517
424719
5152
216122
154104
976194
764832
571948
794623
187163
32450
399368
980326
576400
466949
134511
99307
197164
497694
55214
706918
725423
33317
50090
323592
650938
416
386274
937960
331090
407364
689605
856157
300291
403722
892216
745050
777860
745210
177954
91871
518756
312877
659061
139427
477568
92406
303533
875191
464462
782793
862339
105462
874724
402325
584212
362989
490230
42988
347656
838658
70437
450370
503520
971153
204507
233585
835021
235644
414999
765209
705166
181938
689431
277335
562796
273580
806882
256347
630968
299774
901325
958872
430854
269701
272407
38428
741958
276953
567244
117406
563810
298891
424136
731292
704225
309627
600139
985730
679204
630603
848217
998253
909559
64475
560582
751354
248899
779001
721090
862859
291474
316586
732203
70771
8138
738515
776211
358656
258246
254342
278108
454834
814423
850765
905618
226340
780764
789211
108544
806782
21015
270521
421257
269755
480785
549083
945993
919274
57226
123548
943458
505156
961135
630447
239944
916404
508717
197276
802630
997690
829512
172377
85022
119080
259067
635292
398985
771052
352558
928908
13060
717751
598452
109654
503890
261511
518838
876156
323311
902738
346144
263389
10258
811031
726178
150207
744344
866482
864237
297559
44320
364969
485192
175665
940824
212198
169676
773632
750177
179315
51001
441707
112899
131141
457645
370656
513775
970215
181654
359111
229424
857824
503188
867858
726152
923730
620711
263913
258515
466124
1250
585860
764524
105344
112910
410690
411532
784902
825794
823602
892450
457728
471598
979072
261709
523798
19732
307274
850620
819589
464078
689933
710237
571386
879137
140266
697206
381252
982533
831713
872516
832205
457577
132503
274236
520825
77228
35016
538239
597119
620319
81119
557326
932599
455683
628788
649746
651284
936555
646246
263177
485805
330928
715322
977647
738420
300073
428687
479887
143668
716295
194775
169639
706805
698462
427698
922095
187986
525398
636836
944017
277821
534402
429896
451159
595991
538335
754990
544435
328397
222808
531570
709430
287384
497063
119156
954407
69509
74848
328543
808645
365238
950593
113940
762673
5497
288572
263770
210825
568388
945869
623093
301495
698604
225060
734544
715806
850269
763378
483210
793237
118873
621933
520084
431582
20912
503287
586503
768224
405686
238462
699078
260735
150563
682025
537324
40170
524792
531211
193722
138673
575821
744677
418006
301352
864168
887055
785200
173009
66060
557422
221070
39508
87926
264411
89857
255026
882010
43004
517811
67413
577618
512982
769085
244232
360264
531976
812759
870650
56366
244999
796770
453119
897650
148064
118820
958833
568543
920794
58153
408111
878461
398873
440315
859528
878622
11664
866496
690991
776122
429099
295945
116356
644033
106083
43964
721294
480750
264782
364025
519789
486408
724551
89673
765767
792952
217452
711350
406119
411757
5757
837927
254132
789351
801119
724387
42433
266322
730754
635102
568231
284604
659923
286547
687223
394621
981419
88013
833194
168454
586230
17305
987160
528019
749193
778825
251680
93313
482618
277043
65541
977825
567977
873074
283318
852038
683849
940042
77581
856779
643144
22882
860804
64432
467317
716180
840049
474508
158690
267362
516590
930728
903211
64438
228465
842171
425274
378226
134457
766646
864815
2735
715091
25493
128098
365646
245212
659468
690721
654035
726571
686412
822773
692545
949935
135644
714013
37027
817370
637144
377267
247742
44030
38051
637984
224260
764173
674767
412348
540197
949260
717730
920849
483710
179196
745375
222065
425673
678646
284734
861242
315263
6442
379231
685503
864755
726106
513332
861305
264804
367334
6649
132235
462864
998421
902144
23101
849706
258614
998304
552964
312548
276160
826854
5580
145884
880134
820711
13174
788345
240293
575296
25601
767720
678001
967134
119721
597265
894509
787330
463161
275141
510259
101939
737982
793268
814962
73867
106006
576085
37660
849694
506873
63879
988727
819955
933209
323568
289400
929957
978868
354729
968887
281301
389040
115199
297943
158541
716640
820899
956975
655863
129495
655892
640935
958903
825129
993179
639584
340487
680709
433791
941640
959341
410385
756001
11192
82977
855213
887262
797000
279196
72151
206703
938507
221608
292537
993577
720211
957449
619793
778119
777661
985035
824440
851675
547148
61
196237
421601
498294
544926
948232
795685
498697
198138
568348
481708
316249
711061
757131
284008
395523
504214
446007
694476
222341
143304
495785
814093
389400
725074
732843
182230
948096
176396
571234
887736
578282
915460
394077
787696
400505
528015
659376
929831
198336
962299
120481
602259
541307
720919
239847
664823
16631
345021
221421
372154
387657
688252
583776
731480
756048
859310
310604
235528
647274
727156
900421
711234
750756
769974
631271
192798
447031
570228
45268
147189
720904
60573
200893
898795
189889
702901
325723
834301
734999
503803
246234
648326
418652
587854
528412
720146
398337
252704
138819
851592
879778
250737
381894
167744
45614
628459
637462
763809
62111
76535
234073
624535
378111
180578
761099
576406
892703
296883
111973
987353
298232
775688
897201
248695
724031
285829
526478
918799
307755
254484
645225
682997
454252
675720
865489
327136
355846
346991
530208
412034
852970
970281
392237
813209
493769
412021
457028
152982
742002
696143
386361
710239
893462
476631
28293
156495
152605
329292
767933
930780
714806
84180
749639
330207
992373
905151
670797
337505
574716
180588
846080
745287
653540
355253
136741
745864
358368
529406
624579
729060
754135
947874
681123
301118
613389
34005
713933
384116
839866
763796
125290
29626
223362
856430
178273
330453
687318
492846
632427
44071
435422
576243
582509
542599
113816
150052
587055
651801
85275
168292
318357
713343
609966
405488
84995
869163
959691
500855
23323
207586
217424
242277
669578
152774
853183
564435
710875
824273
909814
22913
453700
908255
778506
22892
874785
465999
214854
122502
668075
797207
225118
260319
260191
996406
226627
181425
969577
363818
224040
193465
148956
113267
410941
3058
657149
686328
257236
890124
300525
163115
714640
201777
291431
862526
777428
695918
266646
450538
878811
145120
299063
797370
189293
527096
143774
816809
763365
928385
656081
40662
347023
137485
539962
410785
997701
409938
278437
668113
841058
812987
528418
727349
825400
523472
414618
577685
969576
461407
56995
925782
414878
195450
152940
477937
135784
492120
413734
45690
740311
485298
625365
147442
92935
694251
487344
658276
672672
1237
458810
483449
266313
508049
541672
348807
85835
272518
575280
995189
215736
611603
496853
472810
58503
585480
138978
934902
295570
670355
390698
627450
628585
896433
120282
93378
827640
11422
416655
709077
853645
385855
610682
749434
361998
106685
697589
926617
128675
302646
790578
240879
390575
241787
863583
856142
196384
488081
11910
886008
958783
297687
337289
544368
959908
462801
193671
809987
236222
237958
253540
422448
556090
775077
304458
976427
685407
626188
757081
794890
747192
944116
351146
334012
77520
471711
78021
826867
906928
209121
778329
392747
655722
298931
963895
264536
452322
596988
435906
584084
373378
53976
236878
512708
956064
241407
147101
944783
529966
719600
2515
706656
78163
926675
194567
518338
777661
829932
983723
499623
969894
342753
782215
132427
277249
495080
950615
388558
804151
473280
705435
328980
21454
755143
181288
481006
834298
411858
442472
753552
929671
466536
790940
152932
172534
654547
607828
73608
921440
538668
330326
288602
98434
583658
446979
294792
186381
146681
738282
785325
294058
611430
668634
203062
711818
569528
232422
913759
231720
479370
214030
972179
116832
899663
664578
895274
240398
133978
229627
274231
276753
802602
638027
966546
803386
352096
159939
462449
553354
77646
861963
497365
612308
726242
834145
459775
693930
99385
755713
632464
585872
228241
397762
523981
228914
893308
959264
126586
179050
430919
549840
295688
677463
721761
999211
288774
793315
972750
289270
222830
469415
959835
575422
483621
419575
796477
118799
30474
775716
706960
692169
546375
726425
817738
266650
462607
712897
334380
621261
811882
991304
541668
655949
666580
43348
419339
758726
522743
199684
643202
951622
892768
390905
764356
325873
429148
16965
516083
590642
66745
769242
488892
466399
947397
257596
203827
113135
673991
562649
508968
624468
235631
758640
444742
381638
801635
495993
577022
70167
526837
594120
846482
791775
821640
24362
942408
87121
568397
701989
342581
306540
312647
125200
55605
113623
591906
935275
751247
13404
907645
352001
290595
90462
365321
301679
585286
754692
371319
562684
96718
967351
363187
772666
166158
461382
807267
110974
443933
167148
523157
372367
395282
829747
73547
674195
917115
37400
155964
663326
838149
477493
354874
14910
337542
520016
501645
24289
262475
711639
154454
924752
427130
934013
242641
404256
376797
551818
859528
133553
933061
413428
517693
515325
439292
975527
323891
600404
380069
216077
19291
147443
113951
470502
875183
490212
864896
976816
923637
440564
795060
629233
575573
38047
590672
667831
497265
853953
124985
327042
326458
453297
801635
322382
128684
842641
784048
595170
707041
586389
952370
682180
406115
779008
364654
232987
291524
615996
309084
425399
535939
870614
706306
92315
989279
693625
507580
956482
81658
647268
608034
407739
109459
214262
667082
172998
857895
928707
614924
482083
608690
299674
547515
530184
602428
4011
645426
332590
690108
53720
827768
362435
583443
725290
277682
665796
219768
882681
245593
599671
357877
901806
825282
35367
781380
539060
280307
110189
442598
185972
176610
940663
793573
456922
658610
735226
826968
261205
132794
887378
673087
926761
472754
481126
456875
763213
101669
537771
342667
583916
769970
426519
879893
365940
749457
878588
928714
711999
122424
581168
763974
530600
76966
235545
502666
829635
61660
972662
826541
803429
419976
513369
139977
614839
707093
305744
666342
640732
421416
844824
393681
668569
156651
810
668942
724528
270093
94196
239918
659433
352185
556151
916441
90205
352985
609268
132768
912459
744493
329453
483691
974192
677426
564516
130895
366229
161721
549672
435589
626273
962447
154217
85530
249685
121518
174737
5899
982944
284090
28257
568009
220803
145658
802392
808891
191533
279679
312012
532343
471011
476612
728036
50304
846207
842139
348931
140660
719426
100376
980741
604555
430353
410530
591158
297739
595833
25319
337891
723160
985389
774688
327484
716221
240387
460654
782843
443340
859142
18179
871112
688977
709910
236055
159475
43735
63174
155490
873986
362645
679039
709653
195070
858690
201312
191236
418565
14623
346937
66831
309462
422666
667577
629440
277357
83018
579675
611616
956983
458391
926225
157458
152296
864658
52358
993126
363093
985354
522756
635220
659758
821807
755805
706795
423379
326845
727694
937038
198957
193287
898336
220719
723740
480306
129133
333446
230134
610173
930311
44392
591440
235861
439316
102399
705439
819823
616486
70253
997509
16591
611652
619095
957045
383544
563317
30383
170282
823172
420539
220195
905803
509073
650058
104703
327184
343841
275531
209544
612909
76643
342193
718469
55857
293596
690967
232726
53464
80537
392081
633702
111120
102580
545112
403673
636071
831305
774689
918321
545310
903045
825345
709568
88960
881739
981664
559537
171267
945235
551163
526353
574372
577247
516148
522717
81105
322566
422217
224864
578147
678096
284182
482881
375221
543438
59473
915937
115531
652935
483368
951210
992593
889164
10223
450968
862674
579982
341435
889694
419406
142638
360867
652372
539529
875998
356395
504798
71428
447849
125314
379536
549750
335430
746515
819911
266953
250897
804192
736084
573457
533583
730189
947207
510538
988515
672382
412492
322600
905468
813769
587857
156709
488112
661792
153641
841721
790130
672422
805934
505088
166726
339969
417696
731453
156979
574142
331552
104405
90634
23370
171385
783498
940231
641091
401446
781175
231486
524191
1942
432672
918522
969585
540344
177880
529396
106651
669715
591717
529409
717137
729117
933351
947627
167106
391898
404423
292395
999678
924615
542565
246966
483142
146425
740931
789200
914772
897976
137927
843324
304273
286422
617571
192438
99230
787685
858726
672575
610215
414904
481744
365007
504709
508126
659382
686562
661472
967428
824633
434268
77460
597961
785622
680025
283523
948415
44480
130334
901464
363913
273865
727317
3893
295603
786553
660398
57129
969773
942897
885774
439543
183120
927323
181015
46572
867564
729177
398782
394909
217436
14783
452114
242379
539953
261216
370178
780095
602457
276821
730808
861940
980448
791620
195625
859987
404315
307836
580123
542430
928295
670629
562147
98079
780073
325076
623337
32749
615176
964451
510945
897698
168533
112109
198056
746319
497470
767866
463989
866335
572639
145957
504282
80945
859969
440996
620057
694220
166991
692100
610130
587278
94232
910320
796445
340399
872054
712994
217440
208339
231835
487537
34651
885010
609728
390678
253627
876113
73399
746501
436938
501440
666064
58155
176738
190709
674402
355122
620382
750196
231633
206869
962992
359704
939895
208814
719385
691519
676701
114718
597267
723270
161149
864614
404695
4584
232173
785370
531165
463186
546395
712534
127904
171134
663669
899661
11101
778069
978129
230327
489664
369480
503728
368332
217960
60230
477218
133332
904916
291852
356048
947997
317751
461154
672232
706931
478720
781998
840294
866318
422827
882540
479280
701626
772030
22556
774416
772493
316839
357957
196406
604387
662058
457411
627911
926963
740502
629646
45882
591878
612184
718914
431695
937393
796906
731380
489034
567022
994987
911758
548441
372407
678595
313031
184487
185753
483177
480633
172897
344129
234868
330524
850543
970225
307057
811663
172962
188679
433302
562326
798618
629102
76072
687390
115386
779660
644275
810516
756492
342994
508994
875195
749602
637882
136390
356744
219602
946244
747691
13968
910683
275383
751986
294127
624358
344003
769645
590260
272507
850283
707518
182833
167697
301292
237295
824968
911795
227351
103979
140778
379180
50937
825312
103370
665105
834549
559224
863718
757496
122055
718437
392022
940124
790064
65745
543033
268944
337233
311662
537310
982692
744798
454511
644736
326214
305493
670254
148862
58069
258426
880629
632992
187410
370580
806243
12912
405530
515127
859832
83497
998825
705645
504450
474977
631227
91350
349195
538795
562873
193365
785084
275904
918065
74230
314485
766697
847551
629544
817175
795258
733782
363988
140106
352320
979868
100532
224995
425212
801128
662622
174872
369910
383335
942811
211252
253323
223760
777242
567407
30749
504131
854700
37050
736942
506130
180984
782192
271574
631303
5373
105691
920954
352775
300445
996047
83014
972679
785996
468950
598642
432931
170565
511892
948701
247525
116586
578131
115237
838537
146538
662159
186605
17214
234043
632067
568547
857753
955482
969104
269810
943528
250213
855189
607913
858258
885902
14937
941314
514712
598843
576718
723117
680788
920019
142882
601335
976561
532929
66009
535319
222415
6595
562498
577855
570932
940231
274931
150654
381669
271005
667555
479725
32611
22606
744557
305613
461052
965276
366741
324315
537524
343373
872581
453254
853579
879280
535443
755190
920782
165500
567713
396967
647857
244209
279914
839740
193890
273243
680822
78972
851320
26467
683367
476274
781099
778567
926163
270473
158736
922885
709476
336807
22616
895966
220222
993642
975054
589128
797050
845076
549282
175672
539633
211197
241698
600802
841490
897335
519374
22344
415446
704542
178979
767364
385496
720733
549114
454163
691515
174146
458022
610900
916630
862692
978778
550843
520026
446472
323780
30778
383262
52961
926706
51992
344488
896162
982233
366490
711795
472262
781040
708656
612007
288778
535047
210903
649227
241728
513081
369438
686153
295642
902298
870647
647284
725398
872799
481663
466681
824751
644561
712761
720012
392081
248527
489439
372019
302360
645255
381343
523300
247628
614871
5145
645689
129554
327882
920064
18547
528752
76127
647018
292302
969981
53294
309800
910871
40781
416859
813688
279629
242848
38467
816284
217926
20238
204844
361621
326009
973636
934356
578032
360582
773615
701542
712449
584166
861014
514743
30866
798082
127822
867184
436364
811158
127515
492541
928937
120521
58862
342273
868552
883996
199532
931147
305950
280132
716559
500544
548497
508834
71380
833136
826619
106212
485972
233661
336637
462522
902436
792201
973107
682788
565197
324066
880977
877281
365507
819308
275658
891986
598542
164207
123009
449934
50221
987207
667119
134967
924342
521659
918316
965559
171152
214919
90686
371726
202230
126866
819685
907359
403058
570304
725586
281758
115322
959077
443642
235270
456814
557712
848143
572571
819945
966575
547711
607496
415931
943780
700393
304922
539290
810398
483657
543497
74339
811137
324666
952288
406202
194069
450305
398869
56775
464596
912231
266987
851671
114239
227000
964492
23808
40796
65387
126674
36969
865676
8529
214118
833463
671689
388254
497636
162133
933172
743559
620571
306565
888996
758454
307440
987005
891803
541534
11420
23526
91032
700851
618634
777454
743059
95760
710512
701507
680665
247220
989535
648282
584529
219617
655572
777370
29426
22420
679323
775640
626141
114819
416249
530510
858202
960956
46819
348138
95520
129776
719066
889028
291151
152246
441212
61972
573068
240323
354204
148010
389117
683502
374643
844266
197850
376928
930226
449318
125926
667015
590264
4601
802154
790561
277706
628601
706731
486302
787062
20068
739258
756051
165040
503776
452681
753083
183450
401666
320228
254659
731383
877048
377145
813843
542643
192825
324600
451772
406121
570025
287751
597924
933760
37297
410960
886207
904802
935313
466923
205861
338548
258875
846671
510946
64728
721044
486235
504802
760906
48619
927915
546587
737488
678126
393265
892016
497569
761301
460515
180335
186050
735018
753884
114670
942046
124223
693549
283748
783003
123026
424290
682724
339488
252849
53588
102582
721841
474462
320871
696295
134486
317450
803555
39226
495069
185395
724079
925055
482037
523803
935774
322932
403888
894858
622759
130765
105331
489928
935459
503119
593311
599254
365494
485120
55016
579360
351483
822823
936483
388879
261664
416133
156314
85741
630121
288072
616854
840356
965756
658279
762419
739176
523725
181785
718064
63187
634235
225105
252307
356003
101790
834563
856759
587021
794499
667327
764905
88268
639843
810637
524805
578394
694461
462681
672632
917379
167337
996733
804392
421980
442309
620527
435550
741256
913382
954099
750362
616986
171313
764522
563062
647
234996
50136
516435
249584
954172
365168
863990
544357
967485
532583
903287
902131
44449
921795
284651
701167
479092
651947
578825
46499
357953
621999
869944
553099
750401
965384
855797
239277
151958
252870
108900
847764
679205
101091
80374
511883
693865
135011
377726
341181
829511
430827
314829
335852
539229
738039
360374
660825
901236
572972
286002
709404
945255
812729
337940
701195
93775
108737
779263
242416
792556
591568
644660
747402
687133
349381
178022
690727
358995
589930
173294
550771
402441
610156
47468
219329
444594
256139
660177
773422
66884
230084
253685
686768
387416
203270
911600
16164
870275
797845
18032
501907
824852
277218
200127
399383
490937
65377
818662
192224
376102
122675
683946
431701
399789
601333
663213
257378
794612
385420
560068
237165
752817
221574
871584
991651
747185
85393
491648
959924
737658
822028
330919
993450
170356
210656
342997
823291
614378
984449
114358
339681
211206
586776
126871
301642
729739
601164
917659
606433
910315
57610
413212
44608
91134
480711
726275
162606
8188
940141
794592
882474
317510
518869
928256
441997
816380
112737
318244
326072
711520
306548
28453
907180
630699
556758
906661
64865
72284
833915
356195
94193
619811
518440
137050
255818
89213
851943
466888
125693
564218
646446
580532
855502
617066
72311
165984
661118
653298
634166
970100
453687
794175
866464
946454
801474
135740
294479
683769
523585
979466
9384
407477
939430
348165
917888
117039
642846
409462
559731
955206
903102
532393
348773
490518
991529
107353
489237
800818
711237
984463
86990
321596
912722
693133
631790
279712
908573
825250
121959
582117
496797
21918
201668
544416
450302
16149
640420
561601
677722
636141
509862
53951
56621
882756
77198
745999
530264
456004
550664
434329
950588
568921
791370
280968
273980
829406
490224
178937
273390
699603
37030
654772
655067
376634
943256
804926
686337
859571
919270
81105
87565
697172
600519
388277
841732
137063
489922
145872
953450
209629
555121
233876
81788
823384
314386
225984
660655
669641
41342
413030
35161
395164
796070
193231
45134
235156
696037
900507
51334
735992
486407
945439
928448
677295
698092
709373
187621
441113
506527
757058
987186
641507
963230
401258
255559
372620
384282
562259
750989
84138
83787
653547
287198
514590
977889
286328
382463
22056
984292
953801
113836
494670
917862
221
843011
429548
448266
449960
786452
279417
204806
368180
565629
671665
822152
601254
949031
750683
299681
559443
152332
498932
177332
523065
758797
552445
709125
835556
562091
69698
785075
621837
828908
722358
176916
240848
348610
314053
456366
384734
881706
351232
785976
862738
466896
683119
745619
795469
869521
491462
777452
364373
170874
19570
139110
419572
404778
372185
233593
358437
124331
259153
466794
233043
404810
422709
443248
582861
815272
755390
190033
807370
953920
502926
791198
864523
743382
884714
600337
411876
815804
865795
630130
61814
231017
145704
748875
369145
970011
831481
869254
824151
847806
747876
910166
266656
226205
217762
507633
596602
180127
206533
943730
874440
118645
588803
781451
88149
413429
167131
131592
224315
693178
926902
262761
129467
830128
771098
497448
802248
43138
624580
311761
378153
917249
20302
462319
466683
816300
191055
367621
715251
211900
657226
627485
729382
323797
891776
535068
710647
358319
735860
912796
636789
398470
47778
37723
845770
983505
623709
146049
789724
844025
576976
320243
224469
406704
914937
153810
286098
192173
28383
279214
659934
820958
355724
906399
503259
387453
439911
155960
383324
287768
775651
894962
135576
849387
89809
463358
714850
835769
908425
30094
659736
110883
477048
721602
27993
753608
128891
501009
483326
330406
314399
609083
315440
151563
513077
183897
600505
259380
121204
840844
683104
365944
872342
57502
919723
442122
175311
16663
853023
180675
70374
508477
330539
293985
280989
741888
391030
161972
13996
901207
892453
337156
71732
891491
991886
643338
704367
647312
804281
198933
113085
435908
183129
262242
708472
628672
833246
852001
233105
882747
404199
146058
655782
147573
781370
754635
290508
588433
700081
872635
946155
428225
838203
802936
418808
332005
865417
619322
105386
161897
329296
14510
855703
110322
594007
155148
330384
313905
896136
844693
164120
273027
912910
636226
786534
44542
990027
441425
739990
121258
829633
448735
356346
598448
523664
661944
288265
500551
618088
825632
389862
925913
283912
243168
902062
496542
44194
857274
79244
434345
746055
236073
365826
375383
494154
626401
392271
782727
202710
327457
286395
379556
51454
606652
131515
463789
