0
1
2
3
4
5
6
7
8
9
605
11
12
13
14
15
16
17
18
19
20
21
22
23
24
25
26
27
28
29
30
31
32
33
9603
35
1110
37
38
39
40
41
42
43
44
45
46
47
48
49
50
51
52
53
54
55
5413
57
8716
59
96
61
62
6092
64
7841
7791
67
68
69
70
6195
72
73
74
75
76
77
78
79
80
81
82
83
84
85
86
87
88
89
90
91
92
93
94
95
60
97
98
99
100
101
102
103
104
105
106
107
2041
109
110
111
112
113
114
115
116
117
118
119
120
121
122
123
124
125
126
127
128
129
130
131
132
133
134
135
136
137
138
139
140
141
3997
143
144
145
146
147
148
149
6875
151
152
153
154
4254
156
157
158
159
160
161
162
163
164
165
166
167
168
169
170
171
172
173
174
175
176
177
178
179
180
181
182
183
184
318
186
187
188
189
190
191
192
193
194
195
196
8327
198
199
200
201
202
203
204
205
3603
4918
2191
209
210
211
212
213
214
215
216
8715
218
219
220
221
222
223
224
236
9919
227
228
229
230
231
232
233
234
235
225
237
238
239
240
241
242
243
244
245
246
247
248
249
250
251
252
253
254
255
256
257
258
259
2714
261
262
263
264
265
266
267
268
269
270
271
272
273
274
275
4291
806
278
279
280
281
282
283
284
285
286
287
288
289
290
291
292
293
294
2415
6539
297
298
299
2525
301
302
303
304
305
306
307
308
309
310
311
312
313
314
315
316
317
185
319
594
321
322
323
324
325
326
327
328
329
330
6120
332
333
334
335
336
337
338
339
6049
341
5522
343
344
345
346
347
348
349
350
351
352
353
354
355
356
3060
358
359
360
361
362
363
364
365
366
367
368
369
370
371
372
373
374
375
376
377
378
379
380
381
2899
383
384
385
386
387
388
2613
390
391
392
8451
5360
395
396
780
1345
399
400
401
402
403
404
405
406
407
408
409
410
411
412
413
414
2256
416
417
418
419
420
421
9646
423
5074
425
426
427
7190
2916
430
431
4036
433
434
435
436
437
438
439
440
441
442
443
444
445
446
447
448
1504
450
451
452
453
454
455
456
457
458
459
460
461
462
463
464
465
466
467
468
469
470
471
472
473
474
475
476
477
478
8836
9856
481
482
6396
484
485
486
487
488
489
490
491
492
493
494
495
496
497
498
499
500
501
502
503
504
5882
506
507
508
509
510
511
3168
8714
514
515
516
517
2695
519
520
521
522
523
524
525
526
527
528
529
530
531
532
533
534
535
9213
537
538
539
540
541
542
543
544
545
546
547
548
549
550
551
552
553
554
555
556
557
558
559
560
561
562
563
564
565
566
567
568
569
570
571
572
573
574
575
9381
577
578
579
580
581
582
4084
584
585
586
587
588
589
590
591
592
593
320
595
596
597
598
599
600
601
602
603
604
10
606
607
608
609
610
611
612
613
614
615
616
617
618
6471
620
621
622
7067
624
625
626
627
628
1143
630
631
8528
633
634
635
636
637
638
639
640
641
642
643
644
645
646
647
648
649
650
651
652
653
654
655
656
657
658
659
660
2081
662
663
664
8190
666
667
668
669
670
6957
672
673
674
675
676
677
678
679
680
681
682
683
684
685
686
687
688
689
690
691
7969
693
694
695
696
697
5861
699
700
701
702
703
704
705
706
707
708
709
710
711
712
713
714
715
716
717
718
719
720
721
722
723
724
725
726
727
728
729
730
731
732
733
734
735
7785
737
738
739
740
741
742
743
744
745
746
747
748
749
5816
3627
752
753
754
755
756
757
758
759
760
761
762
763
764
765
6939
767
768
8159
770
771
772
773
774
775
776
777
778
779
397
781
782
783
784
785
786
787
788
789
790
791
792
793
9568
795
796
797
798
799
800
801
802
803
804
805
277
5182
808
809
810
811
812
813
814
815
816
817
818
819
820
5453
822
823
8734
825
826
827
828
829
9859
831
832
833
834
835
836
837
838
839
840
841
842
2676
844
845
846
847
848
849
850
851
5208
853
854
855
2964
857
858
859
860
861
862
863
864
865
866
867
868
869
870
871
872
873
874
875
876
877
878
879
880
881
882
883
884
885
886
887
888
3596
890
891
892
893
894
895
7136
897
5986
9882
900
901
902
3558
904
905
906
7173
908
909
910
911
912
913
914
915
916
917
918
919
920
921
922
923
924
925
926
927
5831
929
930
931
932
933
934
935
936
1122
938
939
940
941
942
943
944
945
946
947
948
949
950
951
952
953
954
955
956
957
958
959
960
961
962
963
964
965
966
967
968
969
970
971
972
973
974
975
976
977
978
979
980
981
982
983
984
985
986
987
988
3602
990
991
6598
993
994
995
996
997
998
999
1000
1001
1002
1003
1004
1005
3023
1007
1008
1009
1010
1011
4352
1013
1014
1015
1016
1017
1018
1019
1020
1021
1022
1023
1024
1025
1026
1027
1028
1029
1030
1031
1032
2059
1034
1035
1036
1037
1038
1039
1040
1041
1042
1043
1044
1045
1046
1047
1048
3276
1050
1051
1052
1053
1054
1055
1056
1057
1058
1059
1060
1061
1062
1063
1064
7846
3738
1067
1068
1069
1070
1071
1072
1073
1074
1075
1076
1077
1078
8628
1080
1081
1082
1083
1084
1085
1086
1087
5540
1089
1090
2842
1092
1093
1094
1095
1096
1097
1098
1099
1100
1101
1102
1103
1104
1105
1106
1107
5238
1109
36
1111
1112
1113
1114
1115
1116
1117
9229
1119
8048
1121
937
1123
1124
1125
1126
1127
1918
1129
1130
1131
1132
1133
1134
1135
1136
1137
5268
1139
1140
1141
1142
629
1144
1145
1146
1147
1148
1149
1150
1151
1152
1153
1154
1155
1156
1157
1158
1159
1160
1161
1162
1163
1994
1165
1166
1167
1168
1169
1170
1171
1172
1173
1174
1175
1176
1177
1178
1179
1180
1181
1182
1183
1184
1185
1186
1187
1188
1189
1190
1191
1192
1193
1194
1195
1196
1197
1198
1199
1200
1201
1202
1203
1204
1205
1206
1207
1208
1209
1210
1211
1212
1213
1214
1215
1216
1217
1218
1219
1220
1221
5636
1223
1224
1225
1226
1227
1228
1229
1230
1231
1232
1233
1234
1235
1236
1237
1238
1239
1240
1241
1242
1243
1244
1245
1246
1247
1248
1249
1250
1251
1252
1253
1254
1255
1256
1257
1258
1259
9866
1261
1262
1263
1264
1265
1266
1267
1268
1269
1270
1271
1272
1273
1274
1275
1276
1277
1278
1279
1280
1281
1282
1283
1284
1285
1286
1287
1288
1289
8269
1291
1292
1293
1294
1295
1296
1297
1298
1299
1300
1301
1302
1303
1304
1305
1306
4535
1308
1309
1310
1311
1312
1313
1314
1315
1316
1317
1318
1319
1320
1321
1322
5734
1324
1325
1326
1327
1328
1329
1330
1331
1332
1333
1334
4393
1336
1337
1338
7697
1340
1341
1342
1343
1344
1335
1346
1347
1348
1349
1350
1351
1352
1353
1354
1355
1356
1357
1358
1359
1360
1361
1362
1363
1364
1365
1366
1367
1368
1369
1370
1371
1372
1373
1374
1375
1376
1377
1378
1379
1380
1381
1382
1383
1384
1385
1386
3956
7823
5032
1390
1391
1392
1393
1394
1395
1396
1397
1398
1399
1400
1401
1402
4146
1404
1405
9664
1407
1408
1409
1410
1411
1412
1413
1414
1415
1416
1417
1418
1419
1420
1421
1690
1423
1424
1425
6694
1427
1428
1429
1430
1431
1432
1433
1434
1435
1436
3071
1438
1439
1440
1441
1442
8809
1444
1445
1446
1447
7885
1449
1450
1451
1452
1453
1454
1455
1456
1457
1458
3224
1460
1461
1462
1463
1464
7256
1466
1467
1468
1469
1470
1471
7896
1473
1474
1475
1476
1477
1478
1479
1480
1481
1482
1483
1484
1485
1486
1487
1488
9817
1490
1491
1492
1493
1494
1495
1496
1497
1498
1499
1500
1501
1502
1503
449
1505
1506
1507
1508
1509
1510
1511
1512
1513
1514
1515
1516
1517
1518
1519
1520
1521
4627
1523
1524
1525
1526
1527
1528
1529
1530
1531
1532
1533
1534
1535
1536
1537
1538
1539
1540
1541
2479
1543
9357
1545
1546
1547
1548
1549
1550
1551
1552
1553
1554
1555
1556
1557
1558
1559
1560
1561
1562
1563
1564
1565
1566
1567
1568
1569
1570
1571
1572
1573
1574
7304
1576
1577
1578
1579
1580
1581
1582
1583
2407
4929
1586
1587
1588
1589
1590
1591
1592
1593
1594
1595
1596
1597
1598
9638
1600
1601
1602
1603
1604
1605
1606
1607
1608
1609
1610
1611
1612
1613
1614
1615
1616
1617
4731
1619
1620
1621
1622
2097
1624
1625
1626
4021
1628
1629
1630
1631
1632
1633
1634
1635
2653
1637
1638
1639
1640
1641
1642
8934
8788
1645
1646
1647
1648
1649
1650
1651
1652
1653
1654
1655
1656
6137
1658
1659
1660
1661
1662
1663
1664
1665
1666
1667
1668
1669
1670
2504
1672
1673
1674
1675
1676
1677
1678
1679
1680
1681
1682
1683
1684
1685
1686
1687
1688
1689
6910
9226
1692
1693
1694
1695
1696
1697
1698
1699
1700
1701
1702
1703
1704
1705
1706
1707
1708
5565
1710
1711
1712
1713
1714
1715
1716
1717
5172
1719
1720
1721
1722
1723
1724
1725
1726
1727
1728
1729
1730
1731
1732
1733
1734
1735
1736
1737
1738
1739
1740
1741
1742
1743
1744
8459
1746
1747
1748
1749
1750
1751
1752
1753
1754
1755
1756
1757
1758
1759
1760
1761
1762
1763
7653
1765
2268
1767
1768
1769
1770
1771
1772
1773
1774
1775
1776
1777
1778
1779
1780
1781
1782
1783
1784
1785
7815
1787
1788
1789
1790
1791
1792
1793
1794
1795
1796
1797
1798
1799
1800
1801
1802
1803
1804
1805
1806
1807
1808
1809
1810
1811
1812
1813
1814
9132
1816
1817
1818
1819
1820
1821
1822
1823
1824
1825
1826
1827
1828
1829
1830
1831
1832
1833
1834
1835
1836
1837
1838
1839
1840
1841
1842
1843
1844
1845
1846
1847
1848
1849
1850
1851
1852
1853
1854
1855
1856
1857
1858
1859
1860
1861
1862
1863
1864
3158
1866
1867
1868
1869
1870
1871
1872
1873
1874
1875
1876
1877
2918
1879
1880
1881
1882
1883
1884
1885
1886
1887
1888
1889
1890
1891
9741
1893
1894
1895
1896
1897
1898
1899
1900
1901
1902
1903
1904
1905
1906
1907
1908
7123
1910
1911
1912
1913
1914
1915
1916
4746
6389
1919
1920
1921
7251
1923
1924
1925
1926
3838
1928
1929
1930
5846
1932
1933
1934
1935
1936
1937
1938
1939
1940
1941
1942
1943
1944
1945
1946
1947
1948
1949
1950
1951
1952
1953
1954
1955
1956
1957
1958
1959
1960
1961
8485
1963
1964
1965
1966
1967
1968
1969
1970
1971
1972
1973
1974
1975
1976
1977
1978
1979
1980
1981
1982
1983
1984
1985
1986
1987
1988
1989
1990
1991
1992
6917
1164
1995
7047
1997
1998
1999
2000
2001
2002
2003
2004
2005
2006
2007
2008
2009
2010
2011
2012
2013
8785
3815
2016
2017
2018
2019
2020
7659
2022
2023
2024
2025
2026
2027
2028
2029
2030
2031
2032
2033
2034
2035
2036
2037
2038
2039
2040
108
2042
2043
2044
2045
2046
2047
2048
2049
2050
2051
2052
2053
2054
2055
6820
2057
2058
1033
2060
2061
2062
2063
2064
2065
2066
2067
2068
2069
2070
2071
2072
8154
2074
2075
2076
2077
2078
2079
2080
7092
2082
2083
2084
2085
2086
2087
2088
2089
2090
2091
2092
2299
2094
2095
2096
1623
2098
2099
2100
2101
2102
2103
2104
2105
2106
2107
2108
2109
2110
2111
2112
2113
2114
2115
2116
2117
2118
2119
2120
2121
2122
6859
2124
2125
2126
2127
2128
2982
2130
2131
2132
2133
2134
2135
2136
7971
2138
2139
2140
2141
2142
2143
2144
2145
2146
2147
2148
2149
2150
2151
5343
2153
2154
2155
2156
2157
2158
2159
6671
2161
3079
2163
2164
2165
2166
2167
2168
2169
2170
2171
2172
2173
2174
2175
2176
2177
2178
2803
2180
2181
2182
2183
2184
2185
2186
2187
2188
2189
2190
3967
2192
2193
2194
2195
2196
2197
2198
2199
2200
2201
2202
2718
2204
2205
2206
2207
2208
2209
2210
2211
2212
2213
2214
2215
2216
2217
2218
2219
4780
2221
2222
2223
2224
2225
2226
2227
2228
2229
2230
2847
7172
2233
2234
2235
2236
2237
2238
2239
2240
2241
2242
2243
2244
2245
2246
2247
2747
8027
2250
2251
2252
2253
2254
2255
415
6988
2258
2259
2260
2261
2262
2263
2264
2265
2266
9314
2556
2269
2270
5100
2272
2273
2274
2275
2276
2277
2278
2279
2280
2281
2282
2283
2284
2285
2286
2287
3299
2289
2290
2291
2292
2293
2294
2295
2296
2297
2298
2093
2300
2301
2302
2303
7523
2305
2306
2307
2308
2309
2310
2311
2312
8277
2314
2315
2316
2317
2318
2319
2320
2321
2322
2323
2324
2325
2326
2327
2328
2329
2330
2331
2332
2333
2334
2335
2336
2337
6960
2339
2340
2341
2342
2343
2344
2345
2346
2347
2348
2349
2350
2351
2352
2353
2354
2355
2356
1745
2358
2359
2360
2361
2362
2363
2364
2365
2366
2367
2368
2369
2370
2371
2372
2373
2374
6541
2376
2377
8283
2379
2380
2381
2382
2383
2384
2385
5764
2387
2388
2389
2390
2391
2392
2393
2394
2395
2396
2397
2398
2399
2400
2401
2402
2403
2404
2405
2406
1584
7533
2409
2410
2411
2412
2413
2414
2422
2416
2417
2418
2419
2420
2421
295
2423
2424
2425
2426
2427
2428
2429
2430
5229
2432
2433
2434
2435
2436
2437
2438
2439
2440
2441
2442
2443
2444
2445
2446
2447
2448
2449
2450
2451
2452
2453
2454
2455
2456
2457
2458
2459
2460
2461
2462
2463
2464
2465
2466
2467
2468
2469
2470
6460
2472
2473
2474
2475
2476
2477
3102
1542
2480
2481
2482
2483
2484
2485
2486
4091
2488
2489
2490
2491
2492
2493
2494
2495
2496
2497
2498
2499
2500
2501
2502
2503
3959
2505
2506
2507
2508
2509
2510
2511
2512
2513
2514
2515
2516
2517
2518
2519
4293
2521
2522
2523
2524
3663
2526
2527
2528
2529
2530
2531
2532
2533
2534
2535
2536
2537
2538
4155
2540
2541
2542
2543
2544
2545
2546
2547
2548
2549
2550
2551
2552
2553
2554
2555
1766
2557
8749
2559
2560
2561
2562
2563
2564
3657
2566
2567
2568
2569
5510
2571
2572
2573
4090
2575
2576
2577
3886
2579
2580
2581
2582
2583
2584
2585
2586
2587
2588
2589
2590
2591
3817
2593
2594
2595
2596
9225
2598
2599
2600
4424
2602
2603
8134
2605
2606
2607
2608
2609
2610
2611
2612
389
2614
2615
2616
2617
2618
2619
2620
2621
2622
2623
2624
2625
2626
2627
2628
2629
2630
2631
2632
2633
2634
2635
2636
2637
2638
2639
2640
2641
2642
2643
2644
2645
2646
2647
2648
2649
2650
2651
2652
1636
2654
4692
2656
2657
2658
2659
2660
2661
2662
2663
2664
2665
3912
2667
2668
2669
2670
2671
2672
2673
2674
2675
843
2677
2678
6828
2680
2681
2682
2683
2684
2685
2686
2687
2688
2689
2690
2691
2692
2693
2694
518
2696
2697
2698
2699
2700
2701
2702
2703
2704
2705
2706
2707
2708
2709
2710
2711
2712
2713
260
2715
2716
2717
2203
2719
2720
2721
2722
2723
2724
2782
2726
2727
2728
2729
4235
2731
2732
2733
2734
2735
2736
2737
2738
2739
5829
2741
2742
2743
2744
2745
2746
4739
2748
6550
2750
2751
2752
2753
2754
2755
2756
2757
2758
4724
2760
2761
2762
2763
2764
2765
2766
2767
2768
2769
2770
2771
2772
2773
2774
2775
2776
2777
2778
2779
3030
2781
2725
2783
2784
2785
2786
4621
2788
2789
2790
2791
2792
2793
2794
2795
2796
2797
2798
2799
2800
2801
2802
2179
2804
2805
2806
2807
2808
2809
2810
2811
2812
2813
2814
2815
2816
9681
2818
2819
2820
2821
2822
2823
2824
2825
2826
2827
2828
2829
2830
2831
2832
2833
2834
2835
2836
2837
2838
2839
2840
2841
1091
2843
2844
2845
2846
2231
2848
2849
2850
2851
2852
2853
2854
2855
4369
2857
2858
2859
2860
2861
2862
2863
2864
2865
2866
2867
2868
2869
2870
4977
2872
2873
2874
2875
2876
2877
2878
2879
2880
2881
2882
2883
2884
2885
2886
2887
2888
2889
2890
2891
2892
2893
2894
2895
2896
2897
2898
382
2900
2901
2902
6782
2904
2905
2906
2907
2908
2909
2910
2911
2912
2913
2914
2915
8353
2917
1878
2919
2920
6533
2922
2923
2924
2925
2926
3411
2928
2929
2930
6103
2932
2933
2934
2935
2936
2937
2938
2939
2940
3819
2942
2943
2944
2945
2946
2947
2948
2949
2950
2951
2952
2953
2954
2955
2956
2957
2958
2959
2960
2961
2962
2963
856
2965
2966
2967
2968
2969
2970
2971
2972
2973
2974
2975
2976
2977
2978
2979
2980
6573
2129
2983
3686
2985
2986
2987
2988
2989
2990
2991
2992
2993
2994
2995
4824
2997
2998
2999
3000
3001
3002
3003
3004
3005
3006
3007
3008
3009
3010
3011
3012
3013
3014
3015
3016
3017
3018
3019
3020
3021
3022
1006
3024
3025
3026
3027
3028
3029
7468
3031
3032
3033
3034
3035
3036
3037
3038
3039
3040
3041
3042
3043
3044
3045
3046
3047
3048
3049
3050
3990
3052
3053
3054
3055
3056
3057
3058
3059
357
3061
3062
3063
3064
3065
3066
3067
3068
3069
3070
1437
3072
3073
3074
3075
3076
3077
3078
2162
3080
3081
3082
3083
3084
3085
3086
3087
3088
3089
3090
3091
3092
3093
3094
3095
3096
3097
3098
3099
3100
3101
2478
3103
3104
3105
3106
3107
3108
3109
3110
3111
3112
9855
3114
3115
3116
3117
3118
3119
3120
3121
3122
4835
3124
3125
3126
3127
3128
3129
3130
3131
3132
3133
3134
3135
424
3137
3138
3139
3140
3141
6038
3143
3144
4787
3146
6860
3148
3149
3150
3151
3152
3153
3154
3155
3156
3157
1865
3159
3160
3161
3162
3163
3164
3165
3166
3167
512
3169
3170
9384
3172
3173
3174
3175
3176
3177
3178
6045
3180
3181
3182
3183
3184
3185
3186
3187
3188
3189
3190
3191
3192
3193
3194
3195
3196
3197
3198
3199
3200
3201
3202
4763
3204
9061
3206
3207
3208
3209
3210
3211
3212
3213
3214
3215
3216
3217
3218
3219
3220
3221
3222
3223
1459
3225
3226
3227
3228
3229
3230
3231
3232
3233
3234
3235
3236
3237
3238
3239
3240
3241
3242
3243
3244
8799
3246
3247
3248
3249
3250
9427
3252
3253
3254
3255
3256
3257
3258
3259
3260
3261
3262
3263
3264
3265
3266
3267
3268
3269
3270
3271
3272
3273
3274
3275
3512
3277
3278
3279
3280
3281
3282
3283
3284
3285
3286
8732
3288
3289
3290
3291
3292
3293
3294
3295
3296
3297
7189
2288
3300
3301
3302
3303
4407
3305
3306
3307
3308
3309
3310
3311
3312
3313
3314
3315
3316
3317
3318
3319
3320
3321
3322
3323
3324
3325
3326
3327
3328
3329
3330
3331
3332
3333
3334
3335
3336
3337
3338
3339
3340
3341
3342
3343
3344
3345
3346
5105
3348
3349
3350
3351
3352
3353
3354
3355
3356
3357
3358
3359
3360
3361
3362
3363
3364
3365
3366
3367
3368
3369
3370
3371
3372
4614
3374
3375
3376
3377
3378
3379
3380
7486
3382
3383
3384
3385
3386
3387
3388
3389
3390
3391
3392
3393
3394
3395
4433
3397
3398
3399
3400
3401
3402
3403
3404
3405
3406
6212
3408
3409
3410
2927
3412
3413
3414
3415
3416
3417
3418
3419
3420
3421
3422
3423
3424
3425
5980
3427
3428
3429
3430
3431
3432
3433
3434
3435
3436
3437
3438
3439
3440
3441
3442
3443
3444
3445
3446
3447
6435
3449
3450
3451
3452
3453
3454
3455
3456
9663
3458
3459
3460
5196
3462
3463
3464
3465
3466
3467
3468
3469
3470
4650
3472
3473
3474
3475
3476
3477
3478
3479
3480
3481
3482
3483
3484
3485
3486
3487
8935
3489
3490
3491
3492
3493
3494
3495
3496
3497
3498
3499
3500
3501
3502
3503
3504
3505
3506
3507
3508
3509
3510
3511
1049
3513
3514
3515
3516
3517
3518
3519
3520
3521
3522
3523
3524
3525
3526
3527
3528
3529
3530
3531
3532
3533
3534
3535
3536
3537
3538
3539
3540
3541
3542
3543
3544
3545
3546
3547
9436
3549
3550
3551
3552
3553
3554
3555
3556
3557
903
3559
3560
3561
3562
3563
3564
3565
3566
3567
3568
3569
3570
3571
3572
3573
3574
3575
7077
3577
3578
3579
3580
3581
3582
3583
3584
3585
3586
3587
3588
3589
3590
3591
3592
3593
8079
3595
889
3597
3598
3599
3600
3601
989
206
5860
3605
3606
3607
3608
3609
3610
3611
3612
3613
3614
3615
3616
3617
3618
3619
3620
3621
3622
3623
3624
3625
3626
5151
7850
3629
3630
4534
3632
3633
3634
3635
3636
3637
3638
3639
3640
3641
3642
3643
3644
3645
3646
7793
3648
3649
3650
3651
3652
3830
3654
3655
8741
2565
4674
3659
3660
3661
8020
300
3664
3665
3666
3667
3668
3669
3670
3671
3672
3673
3674
3675
3676
3677
3678
3679
3680
3681
3682
3683
3684
3685
2984
3687
3688
3689
3690
3691
3692
3693
3694
3695
3696
3697
3698
3699
3700
3701
3702
3703
3704
3705
3706
3707
3708
3709
3710
3711
3712
3713
3714
3715
3716
3717
3718
3719
3720
3721
8919
3723
3724
3725
3726
3727
3728
3729
3730
3731
3732
3733
3734
3735
3736
3737
1066
3739
3740
3741
3742
3743
3744
3745
3746
7756
3748
3749
3750
3751
3752
3753
3754
3755
3756
3757
3758
3759
3760
3761
3762
3763
3764
3765
3766
5235
3768
3769
3770
3771
3772
3773
4773
3775
3776
3777
3778
3779
3780
3781
3782
3783
3784
3785
7612
3787
3788
3952
3790
3791
3792
3793
3794
3795
3796
3797
3798
3799
3800
3801
3802
3803
3804
3805
3806
3807
9068
3809
3810
3811
3812
3813
6308
2015
3816
2592
3818
2941
9846
3821
3822
3823
3824
3825
3826
6051
3828
3829
3653
3831
3832
3833
3834
3835
3836
3837
1927
3839
3840
3841
3842
3843
3844
3845
3846
3847
3848
3849
3850
3851
3852
3853
3854
3855
3856
3857
3858
3859
3860
3861
3862
3863
3864
4204
3866
3867
3868
3869
3870
3871
3872
3873
3874
3875
3876
3877
4668
3879
3880
3881
3882
3883
3884
3885
2578
3887
3888
3889
3890
3891
3892
3893
3894
3895
3896
3897
3898
3899
3900
3901
3902
3903
3904
3905
3906
3907
3908
3909
3910
4793
2666
3913
3914
3915
3916
3917
3918
3919
3920
3921
3922
3923
6098
3925
3926
3927
3928
3929
7373
3931
3932
3933
6332
3935
3936
3937
3938
5363
3940
3941
3942
3943
3944
3945
3946
3947
3948
3949
3950
3951
3789
3953
3954
3955
1387
3957
3958
1671
3960
3961
3962
3963
3964
3965
3966
208
3968
3969
3970
3971
3972
3973
3974
3975
3976
3977
3978
9697
3980
3981
3982
3983
3984
3985
3986
5014
3988
3989
3051
9907
3992
3993
3994
3995
3996
142
3998
3999
4000
4001
4002
4003
4004
4005
4006
4007
4008
4009
4010
4011
4012
4013
4014
8590
4016
4017
4018
4019
4020
1627
4022
4023
4024
4025
4026
4027
4028
4029
4030
4031
4032
4033
4034
4035
432
4037
4038
4039
4040
4041
4042
4043
4044
4045
4046
4047
4048
4049
4050
4051
4052
4053
4054
4055
4056
4057
4058
4059
4060
4061
4062
4063
4064
4065
4066
4067
4068
4069
4070
4071
4072
4073
4074
4075
4076
4077
4078
4079
4080
4081
4082
4083
583
4085
4086
4087
4088
4089
2574
2487
4092
4093
4094
4095
4096
4097
4098
4099
4100
4101
4102
4103
4104
4105
4106
5804
4108
4109
4110
4111
4112
4113
4114
4115
4116
8418
4118
4119
4120
4121
4122
4123
4124
4125
4126
4127
4128
4129
4130
4131
4132
4133
4134
4135
4136
4137
4138
4139
4140
4141
8645
4143
4144
4145
1403
4147
4148
4149
4150
4151
4152
4153
4154
2539
4156
4157
4158
4159
4160
4161
4162
4163
4164
4165
4166
4167
4168
4169
4170
4171
4172
4173
4174
4175
4176
4177
4178
4179
7116
4181
7427
4183
4184
4185
4186
7514
4188
4189
4190
4191
4192
7814
4194
4195
4196
4197
4198
4199
4200
4201
4202
4203
3865
4205
4206
4207
4208
4209
4210
4211
4212
9069
4214
4215
4216
4217
4218
4219
4220
4221
4222
4223
4224
4225
4226
4227
4228
4229
4230
4231
7781
4233
7412
2730
4236
4237
4238
4239
4240
4241
4242
4243
4244
4245
4246
4247
4248
4249
4250
4251
4252
4253
155
4255
4256
4257
4258
4259
4260
4261
4262
4263
4264
4265
4266
4267
4268
4269
4270
4271
4272
4273
4274
4275
4276
4277
4278
4279
4280
4281
4282
4283
4284
4285
4286
4287
4288
4289
4290
276
4292
8121
4294
4295
5028
4297
4298
4299
4300
4301
4302
4303
4304
4305
4306
4307
4308
4309
4310
4311
4312
4313
4314
4315
4316
4317
4318
4319
4320
1575
4322
4323
4324
4325
4326
4327
4328
4329
4330
4331
4332
4333
4334
4335
4336
4337
4338
4339
4340
4341
4342
4343
4344
4345
4346
4347
4348
4349
4350
4351
1012
4353
4354
4355
4356
4357
4358
4359
4360
4361
9307
4363
4364
4365
5889
4367
4368
2856
4370
4371
4372
9171
4374
4375
4376
7704
4378
4379
4380
4381
4382
4383
4384
4385
4386
4387
4388
6100
4390
4391
4392
398
4394
4395
4396
4397
4398
4399
4400
4401
4402
4403
4404
4405
4406
3304
6455
4409
4410
4411
4412
4413
4414
4415
4416
4417
4418
4419
4420
4421
4422
4423
2601
4425
4426
5814
4428
4429
4430
4431
4432
3396
4434
4435
4436
4437
4438
4439
4440
4441
4442
4443
4444
4445
4446
4447
4448
4449
4450
4451
4452
4453
4454
4455
4456
4457
4458
8989
4460
4461
4462
4463
4464
4465
4466
4467
4468
4469
4470
4471
4472
4473
4474
4475
4476
4477
4478
4479
4480
4481
4482
4844
4484
4485
4486
4487
4488
4489
4490
4491
4492
4493
4494
4495
4496
4497
4498
4499
5645
4501
4502
4503
4504
9420
4506
4507
4508
6023
4510
4511
4512
4513
4514
4515
4516
4517
4518
4519
4520
4521
4522
4523
4524
4525
4526
4527
4528
4529
4530
4531
4532
4533
5372
1307
4536
4537
4538
4539
4540
4541
4542
4543
4544
4545
4546
5969
4548
4549
4550
5489
4552
4553
4554
4555
4556
4557
4558
4559
4560
4561
7590
4563
4564
4565
4566
4567
4568
4983
4570
4571
4572
5815
4574
4575
4576
4577
4578
4579
4580
4581
4582
4583
4584
4585
4586
4587
4588
4589
4590
4591
4592
4593
4594
4595
4596
4597
4598
4599
4600
4601
4604
4603
4602
4605
4606
4607
6983
4609
4610
4611
4612
4613
3373
4615
8073
4617
4618
4619
4620
2787
7079
4670
4624
4625
4626
1522
4628
4629
4630
4631
4632
4633
4634
4635
4636
4637
4638
4639
4640
4641
4642
4643
4644
4645
4646
4647
4648
4649
3471
9404
4652
4653
5748
4655
4656
4657
4658
4659
4660
4661
4662
4663
4664
4665
4666
8726
3878
4669
4623
4671
4672
4673
3658
4675
4676
4677
4678
4679
4680
4681
4682
4683
6200
4685
4686
4687
4688
5044
4690
4691
2655
4693
4694
4695
8354
4697
4698
4699
4700
4701
4702
4703
4704
4705
4706
4707
4708
4709
4710
4711
4712
4713
4714
4715
4716
8608
4718
4719
4720
4721
4722
9297
7531
4725
4726
4727
4728
4729
4730
3548
4732
4733
4734
4735
4736
4737
4738
2248
4740
4741
4742
4743
4744
4745
1917
4747
4748
4749
4750
4751
7830
4753
4754
4755
4756
4757
4758
4759
4760
4761
4762
6737
4764
8441
4766
4767
4768
4769
5223
4771
4772
3774
4774
4775
4776
4777
4778
4779
2220
4781
4782
5513
4784
4785
4786
3145
4788
4789
4790
4791
4792
8621
4794
4795
4796
4797
5401
9742
4800
4801
4802
4803
4804
4805
9401
4807
4808
4809
4810
4811
4812
4813
4814
4815
4816
4817
4818
4819
4820
4821
4822
4823
2996
9498
4826
4827
4828
4829
4830
4831
4832
4833
4834
3123
4836
4837
7243
4839
8624
4841
1388
4843
4483
4845
4846
4847
4848
4849
4850
4851
4852
4853
4854
4855
4856
4857
4858
4859
4860
4861
4862
4863
4864
4865
4866
4867
4868
4869
4870
4871
4872
4873
4874
4875
4876
4877
4878
4879
4880
4881
4882
4883
4884
4885
8330
4887
4888
4889
4890
4891
4892
9689
4894
4895
4896
4897
4898
4899
4900
4901
4902
4903
4904
4905
4906
4907
4908
4909
4910
4911
4912
4913
4914
4915
4916
4917
207
4919
4920
4921
4922
4923
4924
4925
4926
4927
4928
1585
4930
4931
4932
4933
4934
4935
4936
4937
4938
4939
4940
4941
4942
4943
4944
4945
4946
4947
4948
4949
4950
9262
4952
4953
4954
4955
4956
4957
4958
4959
4960
4961
4962
4963
4964
4965
4966
4967
4968
4969
4970
4971
4972
4973
6836
4975
4976
2871
4978
4979
4980
4981
4982
4569
4984
4985
4986
4987
4988
4989
4990
4991
4992
4993
4994
4995
4996
4997
4998
4999
5000
5001
5002
6160
5004
5005
5006
5007
5008
5009
5010
5011
5012
5013
3987
5015
5016
5017
5018
5019
5020
5021
5022
5023
5024
5025
5026
5027
4296
5029
5030
5031
1389
5033
5034
5035
6427
5037
5038
5039
5040
5041
5042
5043
6063
5045
5046
5047
5048
5049
5050
5051
5052
5053
7127
5055
5056
5057
5058
5059
5060
5061
5062
5063
5064
5065
5066
5067
5068
5069
5070
5071
5072
5073
3136
5075
5076
5077
5078
5079
5080
5081
5082
5083
5084
9390
5086
5087
5088
5089
5090
5091
5092
5093
5094
5095
5096
5097
5098
5099
2271
5101
5102
7586
5104
3347
5106
5107
5108
5109
5110
5111
5112
5113
5114
5115
5116
5117
5118
5119
5120
5121
8321
5123
5124
5125
5126
5127
5128
5129
5130
5131
5132
5133
5134
5135
5136
5137
5138
5139
5140
5141
5142
5143
5144
5145
5146
5147
5148
5149
5150
751
5152
5153
7196
5155
5156
5157
5158
5159
5160
5161
5162
5163
5164
5165
5166
5167
5168
5169
5170
5171
1718
5173
5174
5175
5176
5177
5178
5179
5180
5181
807
5183
5184
5185
5186
5187
5188
5189
5190
5191
5192
5193
5194
5195
3461
5197
5198
5199
5200
9313
5202
5203
5204
5205
5206
8828
852
5209
5210
5211
5212
5213
5214
5215
5216
5217
5218
5219
5220
5221
5222
4770
5224
5225
5226
5227
5228
2431
5230
5231
5232
5666
5234
2570
5236
5237
1108
5239
5240
5241
5242
5243
5244
5589
9701
6424
5248
5249
5250
5251
5252
5253
5254
5255
5256
5257
5258
5259
9367
5261
5262
5263
5264
5265
5266
5267
1138
5269
5270
5271
5272
5273
5274
5275
5276
5277
5278
8295
5280
429
5282
5283
5284
5285
5286
5287
5288
5289
8497
5291
5292
5293
5294
5295
5296
5297
5298
5299
5300
5301
5302
5303
5304
5305
5306
5307
5308
5309
5310
8265
5312
5313
5314
5315
5316
5317
5318
5319
5320
6648
5322
5323
5324
5325
5326
5327
5328
5329
5330
5331
5332
5333
5334
5335
5336
5337
5338
5339
5340
5341
5342
2152
5344
5345
5346
5347
5348
5349
5350
5351
5352
5353
5354
5355
5356
5357
5358
5359
394
7411
5362
3939
5364
5365
5366
5367
5368
5369
5370
5371
3631
5373
5374
5375
5376
5377
5378
5379
5380
5381
5382
5383
5384
5385
5386
5387
5388
5389
5390
5391
5392
5393
5394
5395
5396
6772
5398
5399
5400
4798
5402
5403
5404
5405
5406
5407
5408
5409
5410
5411
5412
56
5414
5415
5416
5417
5418
5419
5420
5421
5422
5423
5424
5425
5426
7695
5428
5429
5430
5431
5432
5433
5434
5435
5436
5437
5438
5439
5440
5441
5442
5443
5444
5445
5446
5447
5448
5449
5450
5451
5452
821
5454
5455
5456
5457
5458
5459
5460
5461
5462
5463
5464
5465
5466
5467
5468
5469
5470
5471
5472
5473
5474
7600
5476
5477
5786
5479
5480
5481
5482
6965
5484
5485
5486
5487
5488
4551
5490
5491
5492
5493
5494
5495
5496
5497
5498
5499
5500
5501
5502
5503
5504
5505
5506
5507
5508
5509
3767
9749
5512
4783
5514
5515
5516
5517
5518
5519
5520
5521
342
5523
5524
5525
5526
5527
5528
5529
5530
5531
5532
5533
5534
5535
5536
5537
5538
5539
1088
5541
5542
5543
5544
5545
5546
5547
5548
5549
5550
5551
5552
5553
5554
5555
5556
5557
5558
8801
5560
5561
5562
5563
5564
1709
5566
5567
5568
5569
5570
5571
5572
5573
5574
5575
5576
5577
5578
5579
5580
5581
5582
5583
5584
5585
5586
5587
5588
5245
5590
5591
5592
5593
5594
5595
5596
5597
5598
5599
5600
5601
5602
5603
8279
5605
5606
5607
5608
5609
5610
5611
5612
5613
5614
5615
5616
5617
5618
5619
5620
5621
5999
9696
5624
5625
5626
5627
5628
5629
5630
5631
5632
5633
5634
7982
1222
5637
5638
5639
5680
5641
5642
5643
5644
4500
5646
5647
5648
5649
9839
5651
5652
5653
5654
5655
5656
5657
5658
5659
5660
5661
5662
5663
5664
5665
5233
5667
5668
5669
5670
5671
5672
5673
5674
5675
5676
5677
5678
5679
5640
5681
5682
5683
7857
5685
5686
5687
5688
5689
5690
5691
5692
5693
6053
5695
5696
5697
5698
5699
5700
5701
5702
5703
5704
8700
5706
5707
5708
5709
5710
5711
5712
5713
5714
5715
5716
5717
5718
5719
5720
5721
5722
5723
5724
5725
5726
5727
5728
5729
5730
5731
5732
5733
1323
5735
5736
5737
5738
5739
5740
5741
5742
9402
5744
5745
5746
5747
4654
5749
5750
5751
5752
5753
5754
5755
5756
5757
5758
5759
5760
5761
5762
7772
2386
5765
5766
5767
5768
5769
5770
5771
5772
5773
5774
5775
5776
5777
5778
5779
5780
5781
5782
5783
5784
5785
5478
5787
5788
5789
5790
5791
5792
5793
5794
5795
5796
5797
7073
5799
5800
5801
5802
5803
4107
5805
5806
5807
5808
5809
5810
5811
5812
5813
4427
4573
750
5817
5818
5819
5820
5821
5822
5823
5824
5825
5826
5827
5828
2740
5830
928
5832
5833
5834
5835
5836
5837
5838
5839
5840
5841
5842
5843
5844
5845
1931
5847
5848
5849
5850
5851
5852
5853
5854
5855
5856
5857
5858
5859
3604
698
5862
5863
5864
5865
5866
5867
5868
5869
5870
5871
5872
5873
5874
5875
5876
5877
5878
5879
5880
5881
505
5883
5884
5885
5886
5887
5888
4366
5890
5891
5892
6920
5894
5895
5896
5897
5898
5899
5900
5901
5902
5903
5904
5905
5906
6276
5908
5909
5910
5911
5912
5913
5914
5915
5916
5917
5918
5919
5920
5921
5922
5923
5924
5925
5926
5927
5928
5929
5930
5931
5932
5933
5934
5935
5936
4717
5938
5939
5940
5941
5942
5943
5944
5945
5946
5947
5948
5949
5950
5951
5952
5953
5954
5955
5956
5957
5958
5959
5960
5961
5962
5963
5964
5965
5966
5967
6301
4547
5970
5971
5972
5973
5974
5975
5976
5977
5978
5979
3426
5981
5982
5983
5984
5985
898
5987
5988
5989
5990
5991
5992
5993
5994
5995
5996
5997
5998
6821
6000
6001
6002
6003
6004
6005
6006
6007
6008
6009
6010
6011
6012
6013
6014
6015
7890
6017
6018
9379
6020
6021
6022
4509
6024
6025
6026
6027
6028
6029
6030
6031
6032
6033
6034
6035
6036
6037
3142
6039
6040
6041
6042
6043
6044
3179
6046
6047
6048
340
6050
3827
9493
5694
6054
6055
6056
6057
6058
6059
6060
6061
9683
4689
6429
6065
8582
6067
6068
6069
6070
6071
6072
6073
6074
6075
6076
6077
6078
6079
6080
6081
6082
6083
6084
6085
9745
6087
6088
6089
6090
6091
63
6093
6094
6095
6096
6097
3924
6099
4389
6101
6102
2931
6104
6105
6106
6107
6108
6109
6110
6111
6112
6113
6114
6115
6116
6117
6118
6119
331
6121
6122
6123
6124
6125
6126
6127
6128
6129
6130
6131
6132
6133
6134
6135
6136
1657
6138
6139
6140
6141
6142
7319
6144
6145
6146
6147
6148
6149
6150
6151
6152
6153
6154
6155
6156
6157
6158
6159
5003
6161
6162
6163
6164
6165
6166
8761
6168
6169
6170
6171
6172
6173
6174
6175
6176
6177
6178
6179
9995
6181
6182
6183
6184
6185
6186
6187
6188
6189
6190
6191
6192
6193
6194
71
6196
6197
6198
6199
4684
6201
6202
6203
6204
6205
6206
6207
6208
6209
6210
6211
3407
6213
6214
6215
6216
6217
6218
6219
6220
6221
6222
6223
6224
6225
6226
6227
6228
6229
6230
7542
6232
6233
6234
6235
6236
6237
6238
6239
6240
6241
6242
6243
6244
6245
6246
6247
6248
6249
6250
6251
6252
6253
6254
6255
6256
6257
6258
6259
6260
6261
6262
6263
6264
6265
6266
6267
6268
6269
6270
6291
6272
6273
6274
6275
5907
6277
6278
6279
6280
6281
6282
6283
6284
6285
6286
6287
6288
6289
6290
6271
6292
6293
6294
6295
6296
6297
6298
6299
6300
5968
6302
6303
6304
4182
6306
6307
3814
6309
6310
6311
7743
6313
6314
6315
6316
6317
6318
8925
6320
6321
6322
6323
6324
6325
6326
6327
6328
6329
6330
6331
3934
6333
9893
6335
6336
6337
6338
6339
6340
6341
6342
6343
6344
6345
6346
6347
6348
6349
6350
6351
6352
6353
6354
6355
6356
6357
6358
6359
6360
2304
6362
6363
6364
6365
6366
6367
9027
6369
6370
6371
6372
6373
6374
6375
6487
6377
6378
6379
6380
6381
6382
6383
6384
6385
6386
6387
6388
1128
6390
6391
6392
6393
6394
6395
483
6397
6398
6399
6400
6401
6402
6403
6404
6405
6406
6407
6408
6409
6410
6411
6412
6413
6414
6415
6416
6417
6418
6419
6420
6421
6422
6423
5247
6425
9016
5036
6428
6064
6430
6431
6432
8515
6434
3448
6436
6437
6438
6439
6440
6441
6442
8994
6444
6445
6446
6447
6448
8238
6450
6451
6452
6453
6454
4408
6456
6457
6458
6459
2471
6461
6462
6463
6464
6465
6466
6467
6468
6469
6470
619
6472
6473
6474
6475
6476
6477
6478
6479
6480
6481
6482
6483
6484
6485
6486
6376
6488
6489
6490
6491
6492
6493
6494
6495
6496
6497
7388
6499
6500
6501
6502
6503
6504
6505
6506
6507
6508
6509
6510
6511
6512
6513
6514
6515
6516
6517
6518
6519
6520
6521
6522
6523
6524
6525
6526
6527
6528
6529
6530
6531
6532
2921
6534
6535
6536
6537
6538
296
6540
2375
6542
6543
6544
6545
6546
6547
9746
6549
2749
6551
6552
6553
6554
6555
6556
6557
6558
6559
6560
6561
6562
6563
6564
6565
6566
6567
6568
6569
6570
6571
6572
2981
6574
6575
6576
6577
6578
6579
6580
6581
6582
6583
6584
6585
6586
6587
6588
6589
6590
6591
6592
6593
6594
6595
6596
6597
992
6599
6600
6601
6602
6603
6604
6605
6606
6607
6608
6609
6610
6611
6612
6613
6614
6615
6616
6617
6618
6619
6620
6621
6622
6623
6624
6625
6626
6627
6628
6629
6630
6631
6632
6633
6634
6635
6636
6637
6638
6639
6640
6641
6642
6643
6644
6645
6646
6647
5321
6649
6650
6651
6652
9660
6654
6655
6656
6657
6658
6659
6660
6661
8540
6663
6664
6665
6666
6667
6668
6669
6670
2160
6672
6673
6674
6675
6676
6677
6678
6679
6680
6681
6682
6683
6684
6685
6686
6687
6688
6689
6690
6691
6692
6693
1426
6695
6696
6697
6698
6699
6700
6701
6702
6703
6704
6705
6706
6707
6708
6709
6710
7770
6712
6713
6714
6715
6716
6717
6718
6719
6720
6721
6722
6723
6724
6725
6726
6727
6728
6729
6730
6731
6732
6733
6734
6735
6736
3203
7998
6739
6740
6741
6742
6743
6744
6745
8752
6747
6748
6749
6750
6751
6752
6753
6754
6755
6756
6757
6758
6759
6760
6761
6762
6763
6764
6765
6766
6767
6768
6769
6770
6771
5397
6773
6774
6775
6776
6777
6778
6779
6780
6781
2903
6783
6784
6785
6786
6787
6788
6789
6790
6791
6792
6793
6794
6795
6796
6797
6798
8736
6800
6801
6802
6803
6804
6805
6806
6807
6808
6809
6810
6811
9750
6813
6814
6815
6816
6817
6818
6819
2056
5622
6822
6823
6824
6825
6826
6827
2679
9986
6830
6831
6832
6833
6834
6835
4974
6837
6838
6839
8605
6841
6842
6843
6844
6845
6846
6847
6848
9961
6850
6851
6852
6853
6854
6855
6856
6857
6858
8927
3147
6861
6862
6863
6864
6865
6866
6867
6868
6869
6870
6871
6872
6873
6874
8587
6876
6877
6878
6879
6880
6881
6882
6883
6884
6885
6886
6887
6888
6889
6890
6891
6892
6893
6894
6895
6896
6897
6898
6899
6900
6901
6902
6903
6904
6905
6906
6907
6908
6909
1422
6911
9636
6913
6914
6915
6916
1993
6918
6919
5893
6921
6922
6923
6924
6925
6926
6927
6928
6929
6930
6931
6932
6933
6934
6935
6990
6937
6938
766
6940
6941
6942
6943
6944
9291
6946
6947
6948
6949
6950
6951
6952
6953
6954
6955
6956
671
6958
6959
2338
6961
6962
6963
7958
5483
6966
6967
6968
6969
6970
6971
6972
6973
6974
6975
6976
6977
6978
6979
6980
6981
6982
4608
6984
6985
6986
6987
2257
6989
6936
6991
8460
6993
6994
6995
6996
6997
6998
6999
7720
7001
7002
7003
7004
7005
7006
7007
7008
7009
7010
7011
7012
7013
7014
7015
7016
7017
7018
7019
7020
7021
7022
7023
7024
7025
7026
7027
7028
7029
9289
7031
7032
7033
7034
7035
7036
7037
7038
7039
7967
7041
7042
7043
7044
7045
7046
1996
7048
7049
7050
7051
7052
7053
7054
9545
7056
7057
7058
7059
7060
7061
7062
7063
7064
7065
7066
623
7068
7069
7070
7071
7072
5798
7074
7075
7076
3576
7078
4622
7080
7081
7082
7083
7084
7085
7086
7087
7088
7089
7090
7091
661
7093
7094
7095
7096
7097
7098
7099
7100
7101
7102
7103
7104
7105
7106
7107
7108
7109
7110
7111
7112
7113
7114
7115
4180
9902
7118
7119
7120
7121
7122
1909
7124
7125
7126
5054
7128
7129
7130
7131
7132
7133
7134
7135
896
7137
7138
7139
7140
7141
7142
7143
7144
7145
7146
7147
7148
7149
7150
7151
7152
7153
7154
7155
7156
7157
7158
7159
7160
7161
7162
7163
7164
7165
7166
7167
7168
7169
7170
7171
2232
907
7174
7175
7176
7177
7178
7179
7180
7181
7182
7183
7184
7185
7186
7187
7188
3298
428
7191
7192
7193
7194
7195
5154
7197
7198
7199
7801
9328
7202
7203
7204
7205
7206
7207
7208
9555
7210
7211
7212
7213
7214
7215
7216
7217
7218
7219
7220
7221
7222
7223
7224
7225
7226
7227
7228
7229
7230
7231
7232
7233
7234
7235
7236
7237
7238
7239
7240
7241
7242
4838
7244
7245
7246
8413
7248
7249
7250
1922
7516
7253
7254
7255
1465
7257
7258
7259
7260
7261
7262
7263
7264
7265
7266
7267
7268
7269
7270
7271
7272
7273
7274
7275
7276
7277
7278
7279
7280
7281
7282
7283
7284
7285
7286
7287
7288
7289
7290
7291
7292
7293
7294
7295
7296
7297
7298
7299
7300
7301
7302
7303
4321
7305
7306
7307
7308
7309
7310
7311
7312
7313
7314
7315
7316
7317
7318
6143
7320
7321
7322
7323
7324
7325
7326
7327
7328
7329
7330
7331
7332
7333
7334
7335
7336
7337
7338
7339
7340
7341
7342
7343
7344
7345
7346
7347
7348
7349
7350
7351
7352
7353
7354
5281
7356
7357
7358
7359
7360
7361
8751
7363
7364
7365
7366
7367
7368
7369
7370
7371
7372
3930
7374
7375
7376
7377
7378
7379
7380
7381
7382
7383
7384
7385
7386
7387
6498
7389
7390
7391
7392
7393
7394
7395
7396
7397
7398
7399
7400
7401
7402
7403
7404
7405
7406
7407
7408
7409
7410
5361
4234
7413
7414
7415
7416
7417
7418
7419
7420
7421
7422
7423
7424
7425
7426
6305
7428
7429
7430
7431
7432
7433
7434
7435
8281
7437
7438
7439
7440
7441
7442
7443
7444
7445
7446
7447
8221
7449
7450
7451
7452
7453
7454
7455
7456
7457
7458
7459
7460
7461
7462
7463
7464
7465
7466
7467
2780
7469
7470
7471
7472
7473
7474
7475
7476
7477
7478
7479
7480
7481
7482
7483
7484
7485
7844
7487
7488
7489
7490
7491
7492
7493
7494
7495
7496
7497
7498
7499
7500
7501
7502
7503
7504
7505
7506
7507
7508
7509
7510
7511
7512
7513
4187
7515
7252
7517
7518
7519
7520
7521
7522
6361
7524
7525
7526
7527
7528
7529
7530
2759
7532
2408
7534
7535
7536
7537
7538
7539
7540
7541
6231
7543
7544
7545
7546
7547
7548
7549
7550
7551
7552
7553
7554
7555
7556
7557
7558
7559
7560
7561
7562
7563
7564
7565
7566
7567
7568
7569
7570
7571
7572
7573
7574
7575
7576
7577
7578
7579
7580
7581
7582
7583
7584
7585
5103
7587
7588
7589
4562
7591
7592
7593
7594
7595
7596
7597
7598
7599
5475
7601
7602
7603
7604
7605
7606
7607
7608
7609
7610
7611
3786
7613
7614
7615
7616
7617
7618
7619
7620
7621
7622
7623
7624
7625
7626
7627
7628
7629
7630
7631
7632
7633
7634
7635
7636
7980
7638
7639
7640
7641
7642
7643
7644
7645
7646
7647
7648
7649
7650
7651
7652
1764
7654
7655
7656
7657
7658
2021
7660
7661
7662
7663
7664
7665
7666
7667
7668
7669
7670
7671
7672
7673
7674
7675
7676
7677
7678
7679
7680
7681
7682
7683
7684
7685
7686
7687
7688
7689
7690
7691
7692
7693
9361
5427
7696
1339
7698
7699
7700
7701
7702
7703
4377
2357
7706
7707
7708
7709
7710
7711
7712
7713
7714
7715
7716
7717
7718
7719
7000
7721
7722
7723
7724
7725
7726
7727
7728
7729
7730
7731
7732
7733
7734
7735
7736
7737
7738
7739
7740
7741
7742
6312
7744
7745
7746
7747
7748
7749
7750
7751
7752
7753
7754
7755
3747
7757
7758
7759
7760
7761
7762
7763
7764
7765
7766
7767
7768
7769
6711
7771
5763
7773
7774
7775
7776
7777
7778
7779
7780
8349
7782
7783
7784
736
7786
7787
7788
7789
7790
66
7792
3647
7794
7795
7796
7797
7798
7799
7800
7200
7802
7803
7804
7805
7806
7807
7808
7809
7810
7811
7812
7813
4193
1786
7816
7817
7818
7819
7820
7821
7822
4842
7824
7825
7826
7827
7828
7829
4752
7831
7832
7833
7834
9122
7836
7837
7838
7839
7840
65
7842
7843
3381
7845
1065
7847
7848
7849
3628
7851
7852
7853
7854
7855
7856
8657
7858
7859
7860
7861
7862
7863
7864
7865
7866
7867
7868
7869
7870
7871
7872
7873
7874
7875
7876
7877
7878
7879
7880
7881
7882
7883
7884
1448
7886
7887
7888
7889
6016
7891
7892
7893
7894
7895
9433
7897
7898
9370
7900
7901
7902
7903
7904
7905
7906
7907
7908
7909
7910
7911
7912
7913
7914
7915
7916
7917
7918
7919
9477
7921
7922
7923
7924
7925
7926
8493
7928
7929
7930
7931
7932
7933
7934
7935
7936
7937
7938
7939
7940
7941
7942
7943
7944
7945
7946
7947
7948
7949
7950
7951
7952
7953
7954
7955
7956
7957
6964
7959
7960
7961
7962
7963
7964
7965
7966
7040
7968
692
7970
2137
7972
7973
7974
7975
7976
7977
7978
7979
7637
7981
5635
7983
7984
7985
7986
7987
7988
7989
7990
7991
7992
7993
7994
7995
7996
7997
6738
7999
8000
8001
8002
8003
8004
8005
8006
8007
8008
8009
8010
8011
8012
8013
8014
8015
8016
8017
8018
8019
3662
8021
8022
8023
8024
8025
8026
2249
8028
8029
8030
8031
8032
8033
8034
8035
8036
8037
8038
8039
8040
8041
8692
8043
8044
8045
8046
8047
1120
8049
8050
8051
8052
8053
8054
8055
8056
8057
8058
8059
8060
8061
8062
8063
8064
8065
8066
8067
8068
8069
8070
8071
8072
4616
8074
8075
8076
8077
8078
8240
8080
8081
8082
8083
8084
8085
8086
8087
8088
8089
8090
8091
8092
8093
9473
8095
8096
8097
8098
8099
8100
8101
8102
8103
8104
8105
8247
8107
8108
8109
8110
8111
8112
8113
8114
8115
8116
8117
8118
8119
8120
2520
8122
8123
8124
9691
8126
8127
8128
8129
8130
8131
8132
8133
2604
8135
8136
8137
8138
8139
8140
8141
8142
8143
8144
8145
8146
8147
8148
8149
8150
8151
8152
8153
2073
8155
8156
8157
8158
769
8160
8161
8162
8163
8164
8165
8166
8167
8168
8169
8170
8171
8172
8173
8174
8175
8176
8177
8178
8179
8180
8181
8182
8183
8184
8185
8186
8187
8188
8189
665
8191
8192
8193
8194
8195
8196
8197
8198
8199
8200
8201
8202
8203
8204
8205
8206
8207
8208
8209
8210
8211
8212
8213
8214
8215
8216
8217
8218
8219
8220
7448
8222
8223
8224
8225
8226
8227
8228
8229
8230
8231
8232
8233
8234
8235
8236
8237
6449
8239
9939
8241
8242
8243
8244
8245
8246
8106
8248
8249
8250
8251
8252
8253
8254
8255
8256
8257
8258
8259
8260
8261
8262
8263
8264
5311
8266
9205
8268
1290
8270
8271
8272
8273
8274
8275
8276
2313
8278
5604
8280
7436
8282
2378
8284
8285
8286
8287
8288
8289
8290
8291
8292
8293
8294
5279
8296
8297
8298
8299
8300
8301
8302
8303
8304
8305
8306
8307
8308
8309
8310
8311
8312
8313
8314
8315
8316
8317
8318
8319
8320
5122
8322
8323
8324
8325
8326
197
8328
8329
4886
8331
8332
8333
8334
8335
8336
8337
7705
8339
8340
8341
8342
8343
8614
8345
8346
8347
8348
4232
8350
8351
8352
7355
4696
8355
8356
8357
8358
8359
8360
8361
8362
8363
8364
8365
8366
8367
8368
8369
8370
8371
8372
8373
8374
8375
8376
8377
8378
8379
8380
8381
8382
8383
8384
8385
8386
8387
8388
8389
8390
8391
8392
8393
8394
8395
9330
8397
8398
8399
8400
8401
8402
8403
8404
8405
8406
8407
8408
8409
8641
8411
8412
7247
8414
8415
8416
8417
4117
8419
8420
8421
8422
9981
8424
8425
8672
8427
8428
8429
8430
8431
8432
8433
8434
8435
8436
8437
8438
8439
8440
4765
8442
8443
8444
8445
8446
8447
8448
8449
8450
393
8452
8453
8454
8455
8456
8457
8458
8338
6992
8461
8462
8463
8464
8465
8466
8467
8468
8469
8470
8471
8472
8473
3245
8475
8476
8477
8478
8479
8480
8481
8482
8483
8484
1962
8486
8487
8488
8489
8490
8491
8492
7927
8494
8495
8496
5290
8498
8499
8500
8501
8502
8503
8504
8505
8506
8507
8508
8509
8510
8511
9344
8513
8514
6433
8516
8517
8518
8519
8520
8521
8522
8523
8524
8525
8526
8527
632
8529
8530
8531
8532
8533
8534
8535
8536
8537
8538
9193
6662
8541
8542
8543
8544
8545
8546
8547
8548
8549
8550
8551
8552
8553
8554
8555
8556
8557
8558
8559
8560
8561
8562
8563
8564
8565
8566
8567
8568
8569
8570
8571
8572
8573
8574
8575
8576
8577
8578
8579
8580
8581
6066
8583
8584
8585
8586
150
8588
8589
4015
8591
8592
8593
8594
8595
8596
8597
8598
8599
8600
8601
8602
8603
8604
6840
8606
8607
5937
8609
8610
8834
8612
8613
8344
8615
8616
8617
8618
8619
8620
3911
8622
8623
4840
8625
8626
8627
1079
8629
8630
8631
8632
8633
8634
8635
8636
8637
8638
8639
8640
8410
8840
8643
8644
4142
8646
8647
8648
8649
8650
8651
9197
8653
8654
8655
8656
5684
8658
8659
8660
8661
8662
8663
8664
8665
8666
8667
8668
8669
8670
8671
8426
8673
8674
8675
8676
8677
8678
8679
8680
8681
8682
8683
8684
8685
8686
8687
8688
8689
8690
8691
8042
8693
8694
8695
8696
8697
8698
8699
5705
8701
8702
8703
8704
8705
8706
8707
8708
8709
8710
8711
8712
8713
513
217
58
8717
8718
8719
8720
8721
8722
8723
8724
8725
4667
8727
8728
8729
8730
8731
3287
8733
824
8735
6799
8737
8738
8739
8740
3656
8742
8743
8744
8745
8746
8747
8748
2558
8750
7362
6746
8753
9365
8755
8756
8757
8758
8759
8760
6167
8762
8763
8764
8765
8766
8767
8768
8769
8770
8771
8772
8773
8774
8775
8776
8777
8778
8779
8780
8781
8782
8783
8784
2014
8786
8787
1644
8789
8790
8791
8792
8793
8794
8795
8796
8797
8798
8474
8800
5559
8802
8803
8804
8805
8954
8807
8808
1443
8810
8811
8812
8813
8814
8815
8816
8817
8818
8819
8820
8821
8822
8823
8824
8825
8826
8827
5207
9548
8830
8831
8832
8833
8611
8835
479
8837
8838
8839
8642
8841
8842
8843
8844
8845
8846
8847
8848
8849
8850
8851
8852
8853
8854
8855
8856
8857
8858
8859
8860
8861
8862
8863
8864
8865
8866
8867
8868
8869
8870
8871
8872
8873
8874
8875
8876
8877
8878
8879
8880
8881
8882
8883
8884
8885
8886
8887
8888
8889
8890
8891
8892
8893
8894
8895
8896
8897
8898
8899
8900
8901
8902
8903
8904
8905
8906
8907
8908
8909
8910
8911
8912
8913
8914
8915
8916
8917
8918
3722
8920
8921
8922
8923
8924
6319
8926
2123
8928
8929
8930
8931
8932
8933
1643
3488
8936
8937
8938
8939
8940
8941
8942
8943
8944
8945
8946
8947
8948
8949
8950
8951
8952
8953
8806
8955
8956
8957
8958
8959
8960
8961
8962
8963
8964
8965
8966
8967
8968
8969
8970
8971
8972
8973
8974
8975
8976
8977
8978
8979
8980
8981
8982
8983
8984
8985
8986
8987
8988
4459
8990
8991
8992
8993
6443
8995
8996
8997
8998
8999
9000
9001
9002
9003
9004
9005
9006
9007
9008
9009
9010
9011
9012
9013
9014
9015
6426
9017
9018
9019
9020
9021
9022
9023
9024
9025
9026
6368
9028
9029
9030
9031
9032
9033
9034
9035
9036
9037
9038
9039
9040
9041
9042
9043
9044
9045
9046
9047
9048
9049
9050
9051
9052
9053
9054
9055
9056
9057
9199
9059
9060
3205
9062
9063
9064
9065
9066
9067
3808
4213
9070
9071
9072
9073
9074
9075
9076
9077
9078
9079
9080
9081
9082
9083
9084
9085
9086
9087
9088
9089
9090
9091
9648
9093
9094
9095
9096
9097
9098
9099
9100
9101
9102
9103
9104
9105
9106
9107
9108
9109
9110
9111
9112
9113
9114
9115
9116
9117
9118
9119
9120
9121
7835
9123
9124
9125
9126
9127
9128
9129
9130
9131
1815
9133
9134
9135
9136
9137
9138
9139
9140
9141
9142
9143
9144
9145
9146
9147
9148
9149
9150
9151
9152
9153
9154
9155
9156
9157
9158
9159
9160
9161
9162
9163
9164
9165
9166
9167
9168
9169
9170
4373
9172
9173
9174
9175
9176
9177
9178
9179
9180
9181
9182
9183
9184
9185
9186
9187
9188
9189
9190
9191
9192
8539
9194
9195
9196
8652
9198
9058
9200
9201
9202
9203
9204
8267
9206
9207
9208
9209
9210
9211
9212
536
9214
9215
9216
9217
9218
9219
9220
9221
9222
9223
9224
2597
1691
9227
9228
1118
9230
9231
9232
9233
9234
9235
9236
9237
9238
9239
9240
9241
9242
9243
9244
9245
9246
9247
9248
9249
9250
9251
9252
9253
9254
9255
9256
9257
9258
9259
9260
9261
4951
9263
9264
9265
9266
9267
9268
9269
9270
9271
9272
9273
9274
9275
9276
9277
9278
9279
9280
9281
9282
9283
9284
9285
9286
9287
9288
7030
9290
6945
9292
9293
9294
9295
9296
4723
9298
9299
9300
9301
9302
9303
9304
9305
9306
4362
9308
9309
9310
9311
9312
5201
2267
9315
9316
9317
9318
9319
9320
9321
9322
9323
9324
9325
9326
9327
7201
9329
8396
9331
9332
9333
9334
9335
9336
9337
9338
9339
9340
9341
9342
9343
8512
9345
9346
9347
9348
9349
9350
9351
9352
9353
9354
9355
9356
1544
9358
9359
9360
7694
9362
9363
9364
8754
9366
5260
9368
9369
7899
9371
9372
9373
9374
9375
9376
9377
9378
6019
9380
576
9382
9383
3171
9385
9386
9387
9388
9389
5085
9391
9392
9393
9394
9395
9396
9397
9398
9399
9400
4806
5743
9403
4651
9405
9406
9407
9408
9409
9410
9411
9412
9413
9414
9415
9416
9605
9418
9419
4505
9421
9422
9423
9424
9425
9426
3251
9428
9429
9430
9431
9432
1472
9434
9435
1618
9437
9438
9439
9440
9441
9442
9443
9444
9445
9446
9447
9448
9449
9450
9451
9452
9453
9454
9455
9456
9457
9458
9459
9460
9461
9462
9463
9464
9465
9466
9467
9468
9469
9470
9471
9472
8094
9474
9475
9476
7920
9478
9479
9480
9481
9482
9483
9484
9485
9486
9487
9488
9489
9490
9491
9492
6052
9494
9495
9496
9497
4825
9499
9500
9501
9502
9503
9504
9505
9506
9507
9508
9509
9510
9511
9512
9513
9514
9515
9516
9517
9518
9519
9520
9521
9522
9523
9524
9525
9526
9527
9528
9529
9530
9531
9532
9533
9534
9535
9536
9537
9538
9539
9540
9541
9542
9543
9544
7055
9546
9547
8829
9549
9550
9551
9552
9553
9554
7209
9556
9557
9558
9559
9560
9561
9562
9563
9564
9565
9566
9567
794
9569
9570
9571
9572
9573
9574
9575
9576
9577
9578
9579
9580
9581
9582
9583
9584
9585
9586
9587
9588
9589
9590
9591
9592
9593
9594
9595
9596
9597
9598
9599
9600
9601
9602
34
9604
9417
9606
9607
9608
9609
9610
9611
9612
9613
9614
9615
9616
9617
9618
9619
9620
9621
9622
9623
9624
9625
9626
9627
9628
9629
9630
9631
9632
9633
9634
9635
6912
9637
1599
9639
9640
9641
9642
9643
9644
9645
422
9647
9092
9649
9650
9651
9652
9653
9920
9655
9656
9657
9658
9659
6653
9661
9662
3457
1406
9665
9666
9667
9668
9669
9670
9671
9672
9673
9674
9675
9676
9677
9678
9679
9680
2817
9682
6062
9684
9685
9686
9687
9688
4893
9690
8125
9692
9693
9694
9695
5623
3979
9698
9699
9700
5246
9702
9703
9704
9705
9706
9707
9708
9709
9710
9711
9712
9713
9714
9715
9716
9717
9718
9719
9720
9721
9722
9723
9724
9725
9726
9727
9728
9729
9730
9731
9732
9733
9734
9735
9736
9737
9738
9739
9740
1892
4799
9743
9744
6086
6548
9747
9748
5511
6812
9751
9752
9753
9754
9755
9756
9757
9758
9759
9760
9761
9762
9763
9764
9765
9766
9767
9768
9769
9770
9771
9772
9773
9774
9775
9776
9777
9778
9779
9780
9781
9782
9783
9784
9785
9786
9787
9788
9789
9790
9791
9792
9793
9794
9795
9796
9797
9798
9799
9800
9801
9802
9803
9804
9805
9806
9807
9808
9809
9810
9811
9812
9813
9814
9815
9816
1489
9818
9819
9820
9821
9822
9823
9824
9825
9826
9827
9828
9829
9830
9831
9832
9833
9834
9835
9836
9837
9838
5650
9840
9841
9842
9843
9844
9845
3820
9847
9848
9849
9850
9851
9852
9853
9854
3113
480
9857
9858
830
9860
9861
9862
9863
9864
9865
1260
9867
9868
9869
9870
9871
9872
9873
9874
9875
9876
9877
9878
9879
9880
9881
899
9883
9884
9885
9886
9887
9888
9889
9890
9891
9892
6334
9894
9895
9896
9897
9898
9899
9900
9901
7117
9903
9904
9905
9906
3991
9908
9909
9910
9911
9912
9913
9914
9915
9916
9917
9918
226
9654
9921
9922
9923
9924
9925
9926
9927
9928
9929
9930
9931
9932
9933
9934
9935
9936
9937
9938
3594
9940
9941
9942
9943
9944
9945
9946
9947
9948
9949
9950
9951
9952
9953
9954
9955
9956
9957
9958
9959
9960
6849
9962
9963
9964
9965
9966
9967
9968
9969
9970
9971
9972
9973
9974
9975
9976
9977
9978
9979
9980
8423
9982
9983
9984
9985
6829
9987
9988
9989
9990
9991
9992
9993
9994
6180
9996
9997
9998
9999
