254754
369672
749281
639044
703916
848435
48913
437394
639397
467584
566793
861303
936817
758463
786776
509735
940709
385714
38730
1475
246874
994343
336159
592144
874277
131822
881183
72116
147182
881825
365162
418153
794848
895056
903681
931447
412053
570036
607455
121448
324552
397190
204976
764303
988339
292962
459755
928235
524325
505788
240721
584412
541310
379583
122356
322363
607559
995729
716539
382280
406713
167930
445587
414871
723600
150025
58274
407542
824179
426685
122750
819672
944223
997705
306413
333724
151005
989780
214883
502714
876918
42906
488423
95245
997556
597575
995426
341432
91821
237801
644517
839727
856165
107346
754185
471779
492672
712095
761353
399832
538416
20564
118149
259160
839604
578268
375041
219531
793888
111206
244068
608865
180150
122253
510504
924996
366987
746838
232821
347480
525935
345512
398335
485601
4389
348243
609699
644459
424709
301549
5336
804053
520484
635758
721405
625075
899549
755796
970929
861997
391023
750808
61048
470445
870928
994449
674815
311228
835989
521875
149450
699093
351357
874256
24113
366460
718485
214099
134146
520026
749564
664129
749583
144588
545833
388641
990945
138593
729136
749018
133288
9649
18384
991998
620922
665738
321053
560223
568762
366904
292776
864868
895438
123959
948352
385673
187472
573593
775268
829371
899165
739878
402187
564595
615828
623558
192311
34546
808360
167653
75261
31702
324678
225954
926215
20366
91506
644567
551940
443357
674226
105925
885909
70385
997759
536217
776
473990
358446
791579
224935
83566
915610
604386
229243
651877
366639
114185
562961
937284
875200
432629
47077
14877
299125
40748
585942
380864
293201
466036
209355
585836
561414
727611
410561
382104
925247
609244
300336
864995
402179
990450
586274
829609
956415
57861
628143
81430
107782
296584
413434
851743
955585
573737
494258
176981
898061
858484
88532
944068
637247
825559
547362
394594
908119
442103
454120
190980
81495
877791
845090
987452
585713
539952
988617
30276
223162
752885
769574
760030
991863
805948
779144
971752
240485
871283
257147
854146
589662
309396
406083
957251
520030
258691
330280
175754
944650
833502
873573
409723
1399
782014
733445
789096
776277
232114
438375
830484
170042
591964
348794
11175
276834
851993
928299
893678
913150
119339
618201
807977
147755
627908
410111
583146
534137
262595
671836
134472
854003
221604
991968
485700
69817
462019
204412
469630
204674
843290
337729
1530
355264
656717
95275
516979
742294
148465
291105
793253
540625
827230
488570
747726
442546
387931
335612
361663
588623
319897
98703
684087
386462
535930
758612
583403
720037
279996
506821
330114
412538
426230
841022
892838
795963
603850
769336
463617
124121
181169
46572
650208
105540
618160
192507
816689
14295
19705
173841
300899
347427
139134
275260
220869
816063
659473
601283
47867
573376
956728
782880
465547
328912
72671
742670
617913
244476
247441
346995
88595
235220
279915
80427
258333
497961
931992
794864
526402
923834
387275
220391
845478
202157
827105
984614
744849
668072
545356
853530
334235
778985
451968
576977
707805
528755
25542
649403
964974
617182
412184
936669
452835
304090
529886
867305
350455
182368
809521
21975
656970
645697
822040
504351
673553
74800
822240
486443
455806
155340
591895
445664
436952
420849
323219
686448
807001
479328
72510
12749
885301
770282
153067
260748
688756
4507
853498
882189
889226
906652
372172
414055
384474
511447
976991
599813
470597
413745
377801
714892
107853
452374
985640
554887
554407
437233
719053
164285
523592
470794
883564
716963
279469
38819
662987
450257
203670
18861
860115
266970
822475
259324
215115
163345
193320
887400
444638
452819
964041
72722
422726
179717
150845
402217
415525
203503
876045
110602
700914
707334
606540
794717
855439
320102
61206
198325
168260
688198
902792
361422
261254
945390
837061
803610
450530
724433
11460
737345
708896
660399
743283
218880
382966
250619
86727
901618
250405
835274
623050
548489
400876
875764
623789
902251
6801
209619
652492
782935
768573
714316
45902
306889
847258
449478
707896
975872
277430
687867
624656
254625
715376
300248
743372
157010
460261
897405
802007
890574
248762
639019
340807
633466
619043
737953
809648
429136
77927
508815
252423
105477
754360
828067
480701
649382
473233
847601
482787
588287
321229
642943
379743
484260
305577
605575
111886
540111
405142
714749
745094
111630
924239
693140
528321
484786
181624
356331
474494
29566
232864
386248
99858
815452
418279
933285
850917
132906
822938
42616
768132
79309
194459
4146
985844
837505
654948
805423
779661
895046
912735
502853
125314
331505
826290
805938
389304
434390
95191
830812
259463
524088
528237
422877
444367
418481
983495
301232
951061
585145
957883
691951
141075
625115
402047
853085
243343
768816
77895
710637
179131
472999
743745
458278
490788
698636
159612
36447
17326
412220
835333
974239
361363
113211
410992
823270
540598
193269
720287
905385
20500
443958
523781
767659
200095
716192
622356
444603
400940
419138
57222
612895
303610
463933
569892
625341
793686
266315
533260
654718
106818
769370
351498
839603
201950
435708
317385
226747
374141
143555
356609
937837
678186
249335
453175
869989
515183
647872
470773
24663
140856
480783
342079
647837
874921
721738
655631
423412
516850
336648
506960
818695
336924
654345
86746
165161
341186
557799
923448
816423
610939
591202
964985
780754
899837
161174
196974
550864
248625
521230
519223
563817
395869
203029
860007
231000
389750
840375
494321
306210
915447
956413
933466
39332
524226
787181
477385
648156
852046
46703
271493
513545
491845
194065
92279
921666
953799
156811
490031
590107
566315
139793
636064
602887
54046
447796
861302
831177
44130
905542
180336
752728
419795
951624
83680
341265
840840
357522
928897
984812
432926
519177
733883
246494
535057
319989
111122
126229
652868
968356
244979
246726
287526
327186
712654
515837
118968
959319
104714
571693
963602
94952
280001
215317
93274
15901
828700
191572
759561
881956
131662
953707
755844
29581
309087
816382
138285
455882
303388
511619
968580
641970
47303
863168
121452
765149
348738
58572
413767
247495
312025
49290
551753
806443
831427
458686
423164
980835
60592
517530
915641
53156
101264
566937
285685
239580
721231
39876
79298
432709
691106
395565
68055
381004
723910
150485
90467
215414
763226
982855
122479
682635
458784
44043
234275
233085
310484
534729
214399
616277
352139
782775
139911
858274
526090
317348
794875
178509
554614
175851
869821
471966
994314
279690
391351
403786
120369
585449
883773
703085
139243
590331
106183
122871
118794
172103
578144
59752
829914
991825
220634
827747
415405
488844
181206
823072
363104
406925
215168
390312
193532
550655
648947
51428
637026
370770
719933
748816
793294
365776
187597
609814
391136
719672
615725
2441
392859
148790
594915
597300
455305
173253
825028
751334
771078
709959
287973
250549
378123
828656
844832
626333
881856
907733
137975
842169
923608
243174
267856
58314
890915
734482
500365
562800
940754
222170
36876
820124
732512
225218
298244
33786
940188
616501
56244
150822
136757
625990
632905
155119
690732
240649
338326
347546
149968
501406
501282
918173
235589
889654
963376
426214
588021
648346
257991
650688
995186
599788
643897
157828
930874
201810
781399
906855
745065
634969
370298
217670
235718
784906
357365
23303
140727
626583
119230
104961
40050
84530
702821
727040
933948
643731
805666
312139
369124
445368
99524
843762
799506
31947
334258
50727
47833
245798
133403
482269
59955
493340
205070
351463
446715
391812
320311
374691
164390
327777
103779
534824
626682
313343
767183
118402
352110
416675
68474
719926
46433
481899
801404
530966
822214
59226
935748
469768
695304
358408
308278
272282
608877
954689
821056
513497
89920
540006
885415
558936
351885
842141
790368
658943
14321
489018
817120
561446
777448
251168
587235
545146
290441
777807
300224
108286
853905
614293
565965
782429
222444
456723
476150
94906
137848
845410
851382
117884
886938
773362
855289
692946
326977
322049
725635
262465
267231
632437
598399
536631
267338
16644
335975
716956
279678
158635
805378
749934
230245
203070
147406
79429
441167
885295
483842
597204
702172
800817
328104
545046
132368
671026
747109
163747
503230
402131
395920
848157
700012
569042
915146
781697
512345
669727
509523
643469
760150
391065
256697
725916
260018
935731
422274
188905
735521
301847
886174
863698
228281
886478
13557
193359
311251
186035
536522
905390
474385
433951
525073
214002
268428
785968
825406
278948
619388
799397
912151
215347
778057
731541
555176
904084
975736
995948
727455
170813
995389
336506
995060
737777
617767
749965
234742
961666
505680
323638
862168
552023
261762
153016
204463
199593
451300
802273
894357
658047
297668
834827
146859
326672
148209
524944
832760
573633
249210
702997
580726
262884
961405
149941
113813
56665
406083
171791
396043
184225
706774
287136
970886
321686
991700
976556
419394
260364
440375
188302
912071
910546
163577
596224
415200
735513
151401
378137
442086
857664
78083
595911
267231
778957
863261
575993
574232
307971
89507
63057
570590
192732
242255
753865
569444
752369
386633
687378
385163
338842
709485
398855
837491
952136
663541
638918
423679
777768
778690
531372
863932
790425
327862
761531
545704
433653
460773
907255
398302
2342
474209
242235
497138
911136
794873
610436
474658
802028
117871
51930
452061
374132
670490
41754
640261
656123
728023
869401
986669
588960
524560
22846
143238
460040
789402
227232
434114
345199
82648
855961
623488
848220
768728
766913
893094
600775
623054
420318
38397
956373
36096
182029
50241
113868
347302
106398
88748
775516
77166
785580
784663
311158
39838
86843
121446
812550
608236
920402
911491
25113
991335
467161
756655
188791
793789
53762
17544
98727
3601
830594
591417
525709
171188
368613
424228
549779
779377
285457
724872
986310
891302
541087
194198
126059
201032
513883
608684
545817
999925
467159
829676
994835
18337
834671
864983
639274
481125
403622
457510
132723
538154
745976
880475
559284
233278
575305
195887
474703
123805
534901
477696
105195
893453
430269
777543
12209
726712
953048
272739
431801
882228
431859
14399
412873
166587
1902
99992
790048
123198
505568
752348
898460
778435
270716
668563
283190
846010
950005
857216
402298
48673
70899
462394
588233
614058
998784
437448
822060
549752
753134
744401
914800
26639
684051
572998
978233
85896
281792
768249
763847
956382
663615
762696
537807
967367
509032
544748
626957
434122
355427
907433
414109
786512
695492
876644
224132
610536
231783
571727
614818
368589
920140
242925
305411
259371
975585
79827
557387
267374
231812
123196
614307
486202
227115
658892
861602
27817
32666
975745
383551
359625
210116
64828
835770
124630
223538
340858
445059
312706
287868
880403
886147
902751
176546
666653
166615
10429
888944
992756
582502
376689
44815
290682
795457
269062
333098
711319
476167
393668
393806
97922
291571
653125
149686
701026
949529
272981
486887
941972
135634
426155
794705
774560
180321
224714
292212
119028
315100
339299
845504
536332
494107
827276
214540
5035
814566
823063
929322
616431
710744
505549
871118
201529
698332
574480
707707
328176
346878
392178
116632
729415
614344
570265
717957
169672
247003
797627
806193
110424
757100
587296
224784
961478
569399
893366
761796
67585
19903
278447
577711
623224
734237
831552
857793
946491
245644
53251
652368
863906
271355
401955
599716
154553
434580
245438
568811
476018
805499
179545
445417
183931
531417
321135
30744
597705
327705
977266
661621
23649
641557
538607
537781
830716
414702
213216
700309
479128
281764
474940
371629
947617
372212
628153
205942
686710
859282
110201
608501
330830
622922
739503
138543
106623
553388
68845
173572
710792
411400
413996
235212
680322
762548
908877
247660
332710
255956
192056
231403
475873
745924
696566
742996
782411
745004
353186
489713
864001
425959
776456
53417
981352
514502
849213
988840
61895
308721
42924
501334
339190
420167
265021
943623
996797
809031
958338
196770
304771
636671
661090
867174
151153
969266
919412
540909
75856
738329
428006
325113
314655
842511
506740
721009
744168
71820
239317
288644
488310
839951
801096
714772
743256
51150
298836
384838
312326
777903
894734
133087
997576
871812
356904
643331
753788
761002
62894
159598
405353
912492
927103
383254
804038
347364
899652
917686
193538
178892
692027
293520
227601
485230
129772
522560
831618
71780
585680
107343
258731
423615
563281
384783
791857
502148
920184
779134
464583
204200
717085
187075
260848
101206
831841
14631
484649
951876
912932
605629
852762
96417
723545
683185
871252
332938
54195
337167
902590
77736
68254
349705
783355
570585
500264
153668
396618
289555
112097
211742
157373
71023
538361
540336
287258
174040
415653
715322
384352
405536
363654
399185
414248
540546
344038
390034
86494
326577
388399
64233
394478
38259
505827
312869
191225
590767
708111
480538
507495
196354
899797
215915
19753
547840
22945
254987
114603
352812
303491
115891
352961
764297
306354
662777
56710
381084
269489
438543
77754
662911
67385
435745
965248
13818
926667
267633
977621
760986
125416
298557
866523
879164
770763
148242
857368
648298
631992
735552
134944
762571
719190
917614
511615
375880
8522
250108
607184
809755
309618
557786
774126
899412
659249
385333
674178
220884
901779
889329
9331
255309
767831
729747
902710
530196
318708
961088
34422
897538
134703
899531
425094
93779
648627
326985
765947
429884
336788
858979
954450
279768
972108
631482
154562
73797
138603
475309
127541
237378
775362
160285
841899
642561
65714
19695
516725
531343
744438
643046
306738
840996
453338
823017
869701
835115
618905
923880
978761
939367
486534
118413
373859
590007
424908
313700
251433
687015
957212
412875
427514
672881
27444
451890
788947
704879
425284
662385
189217
636141
622308
160357
689167
287696
361097
972354
651186
817848
11718
743935
899491
952505
783018
557462
722970
402437
728483
460391
861400
256473
391509
39401
602744
58761
417991
922764
106087
466894
919496
245664
959130
763801
980493
426063
920665
435703
124576
876839
480120
636971
635750
969468
863159
458288
602995
55090
560659
465257
512649
896866
447934
742140
892372
168822
198549
982256
706526
496935
233252
427052
837096
280237
497086
816499
176526
446798
79639
503506
86845
732983
255012
633132
50179
176937
518863
289190
468725
234323
123268
464883
60931
704302
231208
408519
551290
950132
522703
354992
742308
774024
588012
736968
393006
457883
949022
511285
31697
281044
2798
461198
470564
713461
15607
74642
948844
85436
487474
320654
81267
715872
189390
434900
777609
755245
183781
925434
629418
543202
505516
794724
991780
24696
75558
333209
648408
453826
529093
360573
850897
737132
294339
907550
163824
212300
364011
494073
370009
160013
961478
820099
647978
21726
205604
989781
90277
698262
457237
709425
3140
245825
868545
688335
486928
224731
570709
282108
916461
322085
723608
253429
121982
739776
984916
311725
4122
495798
386024
151580
529921
497149
407063
121296
893313
310177
727301
845352
81959
646130
826855
653059
783596
26954
382451
69679
1240
304037
91472
958978
212425
725352
883075
709457
316089
669337
828892
603670
441850
119974
374811
358454
636607
540451
81405
25882
270854
949277
589553
32775
846386
48863
530921
755001
694803
745456
780544
785916
530082
881950
567458
62537
600056
432901
857848
179804
97178
564956
300242
462490
355245
759328
480021
669152
8863
772815
37516
975876
319633
907823
22212
10692
474215
62873
391417
223996
641816
678415
610972
410421
25670
657072
837413
450463
361245
176178
531575
936071
361895
851543
577730
226403
22113
525875
707965
993925
197731
750012
775909
613750
632012
281412
449908
196957
708710
179640
239880
22081
67144
194816
361427
104972
213639
80853
588842
877432
826488
309667
36478
168744
72389
607910
436510
738699
922121
232116
870155
804201
50341
645996
938726
972667
57473
981850
642899
417355
194903
962155
499079
602245
433079
885368
634588
446958
136293
436007
653767
14200
247595
758846
734242
399263
514527
674546
26138
633968
365592
595597
172933
577265
798902
108553
697015
312248
451266
418264
391624
922230
797763
700284
556763
364929
210787
31006
460272
734456
64923
52767
609672
171156
20563
707153
22440
832802
983001
580758
943853
504339
533119
69698
49685
72631
663875
60685
426181
165347
874826
763799
471083
769204
833337
319594
570476
759780
679819
379027
401526
467706
974561
493355
494220
201968
710599
86320
720843
358774
62212
739934
248157
691908
436759
640297
701102
211292
98823
338388
752323
508379
934843
936750
529471
538806
248626
631771
455523
638601
80544
530608
681855
351640
706712
569357
487597
185711
574403
833931
789964
271858
908973
793784
635217
629093
763609
463331
315537
771193
426411
935953
658155
896272
888604
906866
286910
564583
609151
830664
565457
442248
649205
612198
195940
447176
76342
297037
189298
914514
233863
484483
555887
588721
285185
803966
749021
612432
789467
867233
129515
328888
25646
605573
137750
101422
295967
314501
768918
970415
891349
123511
639240
691175
867193
975120
632700
631346
586655
288471
53693
18902
349733
570359
174022
298947
36255
513929
60482
7841
175586
18820
417661
831702
767607
491864
686186
613950
659668
978931
168439
748466
819033
549286
884562
110433
26866
349115
494415
33827
478232
604545
181155
600293
960948
501358
901617
721117
211630
406985
807600
63585
946909
777119
491830
437705
140524
385604
216277
176939
396455
297424
444118
361391
533922
806383
794379
175449
527261
63570
519901
313247
716339
521549
654831
567908
837778
665296
892762
301192
842576
810557
609856
781572
525563
257526
719420
659084
112131
929580
768327
614218
346184
911990
167638
846991
970123
490947
805915
239535
272326
666287
208852
746150
732466
367848
564617
428340
777999
112908
713499
450634
678766
82142
480353
580814
170224
288723
930885
955077
967473
859432
793038
907668
264303
481265
237292
342999
49785
964344
310933
285464
431106
960045
30510
477580
94833
282257
745244
784163
292641
703141
925855
133573
715057
799652
298244
991882
750875
540006
726624
867736
574287
330130
408316
683799
446891
175162
557941
172594
535646
737650
836377
157141
626944
407923
997775
430585
947359
597011
259504
485148
422935
601671
406049
821286
839036
115534
756573
329346
640939
692227
116494
765171
905215
689817
827091
50189
27942
248205
172454
946830
969835
934052
882115
502820
209718
824534
649947
863158
662356
408229
318208
960033
76519
928022
637593
124985
436007
165465
48478
371553
792549
975616
192230
177063
577494
134625
331858
902396
207119
592960
46138
60588
723404
813986
158095
605297
609141
59071
285362
773857
761182
208833
443613
610317
275923
97693
704367
237892
221767
809783
80988
374457
161157
189952
727732
262720
782854
757047
2881
471142
686161
319502
89021
51294
809367
99314
198160
312501
336105
876935
128789
242587
548341
272017
799548
584342
27760
551470
85397
188765
455590
504349
47472
462113
707683
964166
902959
389729
129156
66951
549790
208130
634801
273696
803437
464788
419830
645740
42296
396476
142408
121594
60317
420760
438380
1822
400805
244252
121147
867112
727196
736121
849337
83855
304608
408068
572588
757063
821714
341968
992062
893457
340427
530143
46989
773134
445696
86499
824196
613340
867116
480545
820485
730233
125121
726114
230699
115883
728929
275863
885975
901199
433764
833341
540135
828037
720520
568733
552437
99266
990255
652321
33981
708040
261751
734116
864905
813498
190403
992491
355111
327572
62618
746632
482483
219636
296160
50421
133485
458626
459780
215510
867406
173289
904074
651533
264644
350102
728247
380894
571043
366273
111520
914379
618638
765506
320975
553220
325493
300211
418810
340063
274323
837922
859259
581337
999448
907700
902624
184450
605471
159195
981946
380499
564428
849506
10789
251623
450063
899605
343456
389295
723062
726566
582846
962496
582218
399941
385152
970460
108597
812051
115943
691570
56916
203384
626759
3945
300861
676620
801438
474381
590830
169996
716650
988592
248967
145663
12287
916728
631077
841657
204324
942445
465596
428789
827874
47661
171388
108682
716274
949980
854560
517065
521682
964467
436182
244571
279695
797686
820626
810124
85362
373196
581624
624399
409306
996153
697196
702836
981993
482136
174814
181691
953637
730927
561771
886029
448335
431483
68164
922158
57060
771769
909192
533603
895838
811351
308618
826500
86578
679301
496744
776618
510703
419674
223908
139116
551904
743745
369030
717190
310794
881950
600539
849473
2419
598547
576574
708950
33453
524387
791792
557840
711079
594938
658670
141334
268496
296206
24377
283418
105066
395454
965116
475489
31487
218998
846199
532344
85986
28587
441228
296636
3828
749768
508104
733600
322473
474969
21136
279235
874809
144408
525462
898658
277498
579423
881581
696409
352104
351425
616970
503996
895667
876933
623925
748869
748970
686009
45688
20614
697925
262563
322019
821693
670138
121392
717898
417166
237133
508997
175883
860200
162884
716262
365120
440769
568189
984628
541262
98045
892826
66362
596567
479109
824571
323826
884795
172344
726862
329948
40517
796563
323856
707366
55947
763441
733353
842694
55909
452012
539022
538181
560555
767450
444045
909096
675926
191643
15257
701871
749056
478569
298894
687237
305340
585254
924724
335458
104181
626242
555822
837027
189771
35477
878402
484132
546826
29016
625162
671063
904783
872447
498228
455852
320685
664005
426433
551898
702528
839107
812105
46669
353208
432039
657274
681029
601234
974464
178755
204529
482307
250551
288758
465393
55598
759743
285412
924274
316548
393869
29619
846963
777798
121896
880824
766628
722782
729930
774982
140679
16419
582705
389149
320969
857633
678856
39195
158944
105701
323646
54946
212787
289523
64768
41206
475882
731653
416862
449067
317882
440292
135318
123694
348955
657288
356010
641002
143591
852479
459955
626511
780507
709404
484571
31011
37380
708356
463126
287167
497497
139907
27108
43243
439902
274334
461592
454
61023
397851
774523
507026
121396
448928
605822
695670
959823
58272
910503
861788
101861
680613
856668
632591
226714
524837
896847
860819
95794
722693
3047
913860
208493
504864
499439
775683
31714
460638
7346
172660
970264
606896
538017
240338
335773
861195
646002
543828
507032
245123
588372
569430
915838
688916
537017
987812
807457
185603
996151
924245
843311
900362
952324
228253
10713
435942
359862
950755
532316
647978
320652
883205
429073
62689
797316
956499
491853
880685
313484
532949
560431
399672
836240
916990
447801
47748
341754
761636
750095
496302
262353
942145
793972
222581
473063
944797
774716
164336
450129
530416
971657
84273
648096
56501
388270
341364
462575
467837
596715
109985
197175
603131
335302
8936
489288
262515
690831
53207
358498
761311
633365
22852
7094
855415
11106
172007
466264
826736
734166
284735
156908
538064
582899
8112
151227
144181
680681
778790
284452
35990
135797
491115
277570
395704
909997
718058
963491
760557
900713
480885
769963
739479
341223
958184
270590
722666
778009
852769
402234
298635
82949
127565
833804
360848
237737
709270
681567
355495
114013
641944
109496
525019
105144
124758
850457
772508
932141
591103
870344
648700
74543
802036
96411
748184
32799
258275
885384
590231
63146
879844
749737
969368
325821
337442
875714
297648
403110
74323
677587
263758
755502
738444
680060
669833
800628
997633
728700
518103
667084
650798
713948
229341
77140
297512
872394
921591
225974
767370
339980
863416
772717
810668
187066
285228
967698
494823
812266
376751
138639
575104
448001
143121
484360
600062
53228
383794
37259
555558
870190
257038
381966
16234
186557
17163
26913
678422
978548
455601
928446
429555
4940
614091
990235
530041
994180
880419
573398
354264
874492
186979
788404
91924
999302
303898
340811
225192
681910
870035
357464
30300
652150
209736
320380
721183
65425
555969
538522
132744
143710
197371
679747
126178
834637
155836
214483
610726
61041
694040
532654
3050
966219
199658
921548
429723
550267
202210
695096
602430
814387
330628
242704
264313
854242
615107
503082
732266
200364
728007
238501
36996
87821
328148
1443
675151
883072
25160
126727
727427
56666
64445
585702
944953
901242
329978
43211
452030
984225
662465
48613
400792
87282
397026
468965
483337
9490
103761
461216
458045
389787
624763
699703
649789
463468
311193
62756
725925
437218
130050
234602
809743
607162
69450
767530
704408
565644
863288
715848
899285
656876
128513
135605
117139
22707
160252
832346
791130
239840
975281
904948
34430
50810
716794
514920
407108
881265
909303
811144
253420
461550
665142
733600
732332
323455
376690
464810
344087
629435
651913
593567
502611
732162
298280
145838
336594
213827
782957
12912
901043
384261
708115
367455
851471
202114
520512
173385
791271
554024
669522
123411
464870
97028
206712
359563
284417
471716
817254
894986
453038
952303
252128
417213
942911
470441
183632
638047
695368
591999
134974
197356
394033
432952
469189
811798
923790
550272
228070
702786
92577
984193
394649
413623
379533
379758
255105
828404
654615
10293
696070
501408
75935
714432
444086
513052
309902
148702
492548
284611
124049
41820
993499
816541
265262
12868
122122
114391
309149
25298
33703
126810
284424
31588
360582
453807
382453
496050
928856
211928
309759
138664
705657
309976
548570
730718
755775
657126
588631
812058
310792
358746
308497
206314
962932
286132
351470
803421
148816
756393
765663
363609
525974
200538
372955
270242
426591
920814
48008
732661
827244
253740
121731
814631
49807
709862
691506
393808
436358
702868
777852
203217
504409
679060
983149
811458
440379
934550
125774
828793
303580
427196
637314
134619
101714
715434
206693
621017
446656
523818
320177
224102
722039
792650
908710
527698
63035
501686
801585
371535
179975
634272
697465
434008
798659
136090
910930
512298
43960
652572
320801
205113
202832
947370
941496
540741
583056
951061
971657
532231
407626
814204
956748
782463
864952
91875
82851
768054
653206
385737
773790
934214
142077
285720
736436
172636
312414
849746
534692
599307
589914
595374
542682
395241
909547
979213
416938
396677
984385
930167
711317
490882
726385
721924
29932
787577
992713
715767
883440
73098
319980
555988
901663
768969
993876
996157
309393
399777
765970
555836
464963
224562
678273
374621
836546
754357
101197
554338
248999
405261
868538
146702
283347
264655
287150
353426
575038
941747
987633
176189
561423
704065
34179
861502
410385
465121
168057
316467
723995
743739
183239
459114
267245
48132
885487
442577
178393
460930
416384
858693
84282
890773
911938
763000
855637
839857
760983
956688
52101
576403
586420
334818
373500
262773
253790
855470
182247
672115
722166
50134
346708
382840
998543
153353
785081
38806
859128
45812
764485
692219
701654
443640
575323
684823
455697
313830
743703
849964
929102
148926
485847
634118
256031
543900
286601
303119
126471
393990
11452
35967
165459
520046
583822
444309
883141
936356
95977
247774
915093
852314
428665
576974
218052
304553
61285
692319
374578
404952
46626
284483
309710
481829
269651
434387
809754
809195
254180
681402
692652
566840
127805
73471
35389
153095
110967
279919
394937
408180
407363
934082
5271
821565
478739
288792
56336
34138
23016
691337
943967
135912
117324
130222
225428
979171
871534
595988
288227
757618
21085
174335
501286
193221
680530
565211
149503
877404
776820
618753
371036
63116
499281
866434
9148
928519
676019
842225
481850
414241
595008
730975
519406
997203
296027
165671
598435
221129
320426
764261
986130
433379
462183
540203
48213
871246
658768
237385
638508
319488
681756
845950
791746
239095
628196
432423
353567
805229
198388
437707
521902
745300
14148
387349
239113
624334
863083
634623
894867
813811
707007
792728
658728
814434
877883
856316
593588
202489
69106
779026
106653
99985
524552
521190
986071
907974
915549
36044
178703
919533
35376
785633
31517
982607
50405
951490
591339
999118
197974
724448
639466
400069
403810
602620
965030
516723
878660
699457
871356
309506
942410
893613
902725
344522
870106
418429
836043
75379
482941
578018
859991
359695
126566
108090
492954
285443
754172
249946
945635
177128
779574
195128
430489
829957
635083
306286
515880
413970
474349
903488
611287
427765
860128
955696
938641
23817
724352
808341
754400
43624
931785
848976
420741
634409
98298
217154
553805
724042
962211
630628
596118
437337
15030
964855
396937
283843
269816
932843
702754
288386
424563
67055
320553
736621
443278
198380
955683
159153
126838
895393
468745
192853
442088
596713
588714
930762
888411
240227
331444
980242
257923
81933
115309
700874
461373
329366
797272
32912
812919
542867
476354
876618
951778
103030
828592
765667
143062
926318
905645
394932
534325
958180
927190
775434
688768
988417
914666
908259
754959
243371
880376
416331
8536
108958
531705
368390
997829
739743
750903
752740
267735
188311
597432
37103
752268
904998
600832
829893
755608
130626
275344
256753
125509
22605
310854
767113
593780
2594
109962
754673
130141
823773
151337
230643
791923
387149
12180
911272
182859
473254
900886
606297
134506
524355
80487
744219
413792
976996
476509
192270
900323
735555
374780
461370
960265
465964
287935
951381
271864
910462
354154
238388
688560
631
740367
985054
78668
880628
330893
844906
825253
742680
110769
337482
291876
237697
587452
689065
547807
415617
540842
532531
348380
179953
842734
355261
985620
415684
290542
202459
755131
965091
973270
725238
100256
452266
67888
532394
156740
250228
830747
970765
501430
73782
544246
388255
708042
1640
893264
531224
937122
344649
110934
497751
801350
47079
254094
562000
407440
778823
412833
846815
224073
500025
701334
586258
233157
504558
939838
689732
835273
40895
750023
38297
465225
486440
751775
447103
87905
873429
710272
891743
612346
114545
659011
429210
765569
467530
445280
196720
841982
267437
499046
856689
826365
915135
976119
737214
61033
941943
373465
977437
700133
831611
761652
511029
276513
500557
596395
110365
982705
503158
166973
864327
709074
755108
496670
335803
896418
384482
281579
5680
147596
665259
907316
81640
906969
175787
562202
271966
555987
236024
184584
792215
142151
623285
786569
337001
636790
786442
944780
525719
250367
6100
208800
4173
991054
362839
395228
859021
937443
476500
81661
136779
541182
121452
833913
529041
721267
338974
975766
992286
389406
530944
442217
41325
443056
801380
490151
971490
35263
755855
264309
118196
417587
405445
205030
735673
416884
22055
493445
957081
613444
452367
918853
947125
596271
64153
330429
105360
989818
76657
171708
883046
742944
99969
752382
955996
654900
682838
385043
620418
112393
848352
142954
499459
621715
619212
467917
611171
747348
692809
556876
531579
923290
84251
996287
661566
226487
474141
222125
818680
917033
220972
434941
293723
894696
385666
630624
460340
724265
345928
166649
127514
259423
480369
567329
333971
856231
218015
161787
348671
842854
28860
877240
764469
63831
197629
44240
703672
298779
56424
681280
103963
634817
341028
463415
289171
466590
840074
42733
972035
454123
30012
655348
513845
289574
100728
253105
573845
536856
485983
729539
993324
157214
618088
692193
72674
404679
839045
654251
459045
255336
802903
319006
374425
928177
58783
637606
491692
707089
793343
657176
385101
787845
128379
749366
939746
640674
57409
447919
392214
631857
95628
515777
326255
89157
195768
912876
650886
406332
739971
875813
816850
860199
635295
780361
628768
236372
590141
857478
792474
383002
710336
980081
387474
276370
394360
133261
70178
961185
213255
656133
978668
689159
78202
969643
456040
826158
108319
282914
877614
318988
231893
622384
232977
7714
388482
796006
490157
838982
548355
935868
246588
367623
836592
724682
577251
135063
662410
151846
254932
889390
808415
131734
937084
30365
69355
186628
308479
422234
272224
609795
241015
670376
250836
584341
373516
97321
791291
339057
780679
850770
808627
586834
658589
693083
959410
595913
255822
862768
314398
61326
494810
589659
759489
201242
26991
812588
693842
430238
823585
646229
66821
937505
405767
926221
534206
126841
952438
157014
613308
596755
946799
15704
132083
673981
469951
772666
758207
913953
899327
4051
949192
569256
288888
903887
242460
32151
845302
228086
123601
701105
610834
247860
276745
322674
601226
957068
216399
562772
102776
691723
863218
426923
590197
525731
933225
872071
367635
274576
940333
885638
505700
369197
620818
348337
473726
329152
498932
865897
798905
68167
754504
747047
812654
731105
518583
933054
139227
708002
910578
711568
90826
263397
39041
168224
313323
175433
399433
696987
35517
81211
155241
405896
996179
979090
681226
668453
201080
974294
797666
989547
595179
839743
265282
758599
852836
508279
350958
627572
974806
252819
438579
741043
344680
960996
301052
164261
212372
583100
626715
473832
144764
320668
241235
649716
475175
329451
439486
860729
636374
366223
102116
609736
696650
142124
179125
530856
410400
354709
420029
476723
941406
811247
287034
88616
714294
801364
8664
637316
381628
562682
193890
683667
589313
347335
961638
994741
230312
828501
433171
16913
444623
134400
468447
92967
32827
965576
726883
42245
957032
280666
727685
56754
942038
195476
604318
781464
237420
443392
83677
507188
252660
464136
251923
834503
377077
658573
986050
654691
653615
854272
421580
650695
871354
335676
911287
952805
878629
455534
258273
220296
981934
412991
147175
170603
258264
357334
395265
837077
88494
506470
640747
868455
524238
641280
424775
893105
31266
804565
858334
576566
29078
109934
519594
326943
888760
268596
955203
813402
709458
514110
631349
351205
464563
755477
564203
50663
850121
653260
454905
684737
127744
338282
664623
659989
836627
358109
124970
634876
603746
954731
224906
148511
920514
104538
61154
202670
408876
908997
50136
522783
709081
73027
968358
506501
441725
244992
467426
175379
969996
75953
117018
292796
244416
873308
636350
11825
683339
544822
834507
888701
557250
884847
925856
701015
877122
878465
3884
189971
475120
684625
375155
726543
625729
379100
937911
992002
772223
932383
548551
806949
721908
625934
563166
60440
441913
796023
49866
170157
679114
967554
493593
751193
820955
611301
678029
487105
936520
410112
911414
149882
923248
166197
733968
753595
461761
313068
568361
298913
805180
97560
805717
958205
97563
858155
421776
404465
708388
242867
528498
829646
39941
307114
931789
401377
757235
409117
711214
946104
271008
268358
717574
727145
718290
772797
767078
894088
290330
158318
131283
339337
400529
111325
42784
228849
434077
250320
640084
944402
951849
851911
837285
94127
436671
273419
432561
662954
518516
345756
918893
551745
287204
840290
556365
313
996796
383460
784351
156014
204021
579840
266948
344265
86800
734652
940027
718457
625958
827907
530644
349109
798832
791644
344681
973991
665302
744948
93252
177835
477815
804102
139410
454060
810053
592153
787453
650205
824517
44743
93219
744670
715357
114161
229053
371100
300713
713657
77574
958917
221012
858214
895857
671787
612784
646135
731835
994371
289468
661905
873411
19999
19200
458218
817224
575440
583611
585861
388652
584131
909363
923539
244348
366537
190482
62144
770201
42574
819637
128581
802123
823203
790310
865007
5343
206889
923220
99771
152143
188197
51438
285136
514711
581817
688528
874320
146588
138881
802620
228838
885147
38068
70699
983757
16219
124816
521321
212180
170772
877980
760952
151518
105017
64521
711104
676743
79827
389383
521560
169221
145539
284123
694028
100591
50376
827937
285851
957566
338555
455999
348025
133023
338006
305882
892039
601025
430010
555982
773007
117749
869263
403827
442879
935940
72952
121239
506886
246249
113192
738941
638536
500462
201989
944106
96772
304351
65931
782791
786569
477278
29618
942343
745166
358159
486453
155469
618688
791000
276022
145860
299216
850901
520379
826045
522291
342590
205160
161518
922794
609869
922570
623663
34140
333939
986582
364061
813320
447268
547781
71715
259815
558780
811719
614258
72829
816976
665208
600706
534066
434415
446823
268336
821305
487772
424780
419677
814530
558953
306405
701589
142627
486472
352830
573725
346383
406383
594937
970543
429648
912957
733767
741468
602757
578862
985304
121359
573076
126742
765230
490257
591778
410316
578430
268036
92563
691492
941957
510619
580300
730408
136211
204898
337381
751361
879589
396562
108581
643871
623206
669969
644781
701479
50338
836861
906178
667612
411856
982581
208067
885189
303587
559503
599433
738230
685238
309119
576925
902534
674167
767462
183695
847921
473781
914679
411861
207900
699339
270577
668723
755408
80589
328033
692679
452020
394949
442132
422659
687639
830623
567473
119828
982294
284448
78999
885733
830130
845156
782985
806027
366668
248932
62902
982564
475216
968563
727373
337773
128540
952661
945555
339187
770556
849734
31684
918625
803229
591566
875986
972177
762456
810536
683637
235022
761192
991014
150049
218675
87713
231520
633313
569269
977469
169799
353241
163701
2726
707370
478262
614437
246610
519808
655625
565992
685272
851515
729909
566463
963379
994172
708101
729520
744459
27962
156854
241877
59895
17111
933058
282587
845522
517306
668922
778036
206491
938461
9834
894713
572976
758684
812042
462938
546054
538983
936720
280816
3284
291804
891759
674596
711543
709761
709534
903899
384035
304873
870347
113193
647574
244243
130218
995076
953171
906583
875175
203748
474607
218587
5981
379867
155836
278182
353264
228184
524659
866180
233806
798175
544449
201827
361023
207321
525643
162578
145802
643344
102654
48850
429944
776831
921690
775661
540150
201842
72139
279899
382780
380902
423449
165838
127880
484623
610676
223049
768473
964957
378784
610121
917487
202337
680072
898965
727234
31822
170864
628952
900352
550354
298078
561011
667532
358469
656496
324445
822822
59261
54930
359496
348049
495149
149800
736608
286654
487085
394137
639664
100950
115722
443712
716054
943794
187034
4891
296848
937768
528894
632443
497393
188202
958628
358561
413595
695965
464904
342599
700219
675235
586532
754275
886893
341686
805739
123080
182001
124410
279531
150180
748337
9999
387787
298899
236320
805917
53606
95837
494639
45330
674109
171484
886028
522479
794147
644358
590471
835909
831569
416582
772314
501590
275684
509915
210311
978362
862462
615830
756260
856851
121592
396116
414131
899898
404509
81880
16550
208287
926234
540829
530326
857662
757
280955
430520
623855
126460
231970
572406
283152
958672
779750
565138
135600
440887
676068
775834
118561
340154
100637
798100
640740
752047
344942
624311
587785
876749
543474
840255
254138
797071
866708
468477
442898
436640
358527
475202
950266
412188
681045
913103
54589
335776
447688
323603
193975
602495
555721
614580
230174
245917
830569
488003
348850
654795
448590
730814
233322
692019
29874
679506
88261
649886
550075
266274
579309
569721
876812
93614
263509
556888
340567
327583
463468
890657
931859
594154
830230
242897
97934
926388
671821
394880
853238
827516
859606
483645
410468
333206
343931
988140
79562
27860
793629
746047
251178
3072
647663
664285
534579
320672
706230
936806
393053
279665
734383
473983
13314
293122
335804
444703
710947
561419
913704
965982
296263
598320
267563
415790
179527
612505
224452
116227
999470
768371
394652
819371
12495
981709
367643
179490
767662
713894
752071
613965
633960
105121
520408
501410
569707
930371
235891
949847
661299
985608
427266
498404
251518
634149
105406
130557
739758
453408
692180
659094
826837
194717
565765
370998
562711
469386
274014
402592
989845
576116
421875
533555
431885
138291
131451
949137
791902
157182
723169
849401
188954
859851
573636
911192
2381
539359
690922
29554
101328
897710
247426
998247
435668
17581
560382
386125
605818
910174
900626
878437
56331
384447
652609
512211
856506
725930
365048
524294
628671
994987
44372
393710
114607
365247
643153
379815
400145
801638
461731
938232
236987
630939
191201
601013
3658
607860
418630
334792
785063
936549
861573
969080
121808
566931
655130
221420
407774
83198
443644
582200
330836
443466
517637
761865
247914
891687
545277
17688
366085
375925
229098
978306
956988
242118
98764
997082
524996
947230
776687
148543
564256
440987
633474
377326
776211
654026
297174
278646
863025
76909
220318
458051
47382
407444
814214
207478
773593
346464
789728
138675
218657
454885
868926
800653
121960
303748
266955
557419
405489
156947
910937
397120
883288
34327
122778
947288
232706
373103
589293
739220
707916
503028
310564
452200
242261
738618
491084
312908
62458
497663
316038
342609
134835
689195
574465
66078
855395
415639
22247
987355
969144
986411
713058
128396
67194
860592
803033
396013
253107
932213
841867
133677
869143
710792
952055
888915
744215
682871
950593
391469
959731
875328
896526
786122
549086
659538
381896
225448
68482
761096
211531
407012
301072
788250
861506
940559
554803
788229
914122
711798
700237
15910
926074
920326
605902
923692
693506
277238
744150
416161
59424
363504
207985
337161
651309
966528
438892
605029
108358
553246
483720
899847
988687
911170
24847
41455
341200
585957
853047
821316
814831
165247
249028
685788
207191
841747
141642
710
228313
351472
417932
57204
715257
274543
30979
701755
976314
777876
187120
632411
702275
803099
524929
886344
4011
45540
253781
362265
721203
520571
206905
504601
207694
119281
977676
186797
876850
238664
179871
976177
341532
59429
246824
867154
941576
305070
416777
721528
322251
191784
717810
692766
365205
175434
207397
608254
401180
258315
559577
473283
305793
357618
155448
512668
747151
853320
463578
797431
894534
384209
337939
830642
909647
444295
122516
321045
422921
653373
122959
119264
786015
775292
163185
119024
59352
587607
93570
954710
650849
242104
876148
97687
542080
146238
917337
399421
592568
696485
120151
980691
65905
490314
627268
857667
269820
970966
724603
73417
153202
938973
254504
696611
256467
839429
441054
503733
8735
116911
953101
388072
231013
176339
663736
954871
809353
143606
23144
756912
239399
269595
56832
659162
376901
979692
310576
75787
345398
255016
900426
339917
125692
572505
526268
393827
459975
154420
577948
734276
866249
641703
660737
554345
25802
856332
44465
734639
43768
174486
281946
211659
352854
801424
702224
409479
414926
491153
865103
522362
206742
472660
542384
498111
317356
735318
343683
653237
706646
117520
256604
385277
216486
205209
151292
351552
132698
814164
761299
201956
916805
428194
155552
596866
195830
914243
144401
641692
833053
252408
637461
559623
45337
595556
14464
997423
820612
963288
192746
944581
951134
773561
187154
960833
806434
52463
499411
40585
524025
681870
540031
722680
793538
875135
869332
836873
484635
523882
238242
141211
693228
829196
185182
881574
975974
887591
998248
767071
523362
978188
984027
51177
514988
758089
894070
998480
510362
88035
613935
106928
522484
270152
709107
813678
312520
93949
577888
61877
808463
827567
259492
753403
775121
320855
813774
126843
554587
968593
488139
836890
934445
693618
463103
565674
11569
577338
824737
86053
792391
502205
60617
814707
745430
813427
97419
823003
274069
708502
363457
781572
472024
531964
493941
65398
938839
462145
369990
967514
889472
155718
462032
238710
588759
309005
178524
759988
520051
842732
288949
602666
750525
889308
337658
995178
475072
708712
764230
749736
244206
378627
696641
841379
199750
50100
267241
841425
582373
825569
462963
209815
56203
560026
339890
116693
35928
31266
726512
202908
586336
130337
529148
780564
459836
636103
244905
593940
156093
688850
933852
412933
377978
158934
795298
9177
896841
587870
421391
578948
999666
410111
410475
27400
98965
651809
793866
763280
986393
900622
730231
925023
705973
1865
659533
424392
617723
191165
389113
269699
690950
468942
983290
224971
55722
243121
885450
770832
837863
97388
403996
861351
612291
39291
907589
433049
832738
498950
877457
832107
678547
639741
818815
190330
81429
838469
423977
558263
735116
424012
407033
727493
749834
896172
928371
154682
944955
790800
515492
160431
118919
87217
733404
247281
608961
794425
559349
384678
461295
509025
147182
164502
33390
100031
172750
924335
966013
555450
458864
142478
439458
539110
279248
501920
983306
571149
914179
674870
768882
965017
189617
293757
656425
770511
571741
411071
802125
687528
294817
480508
30281
253198
778456
133975
639301
735904
76819
930662
339100
909231
324326
122130
348280
879916
675926
525972
725993
554154
558800
59609
621066
915194
566827
887658
856997
274437
646452
500084
6510
662981
911707
867562
309141
214236
483226
264349
628210
879245
417662
861291
770879
658111
937609
681028
930127
436745
596630
624784
315483
77747
50772
588659
462264
296414
37232
866164
678565
500934
690364
876444
42457
720803
71259
996838
108767
475078
242535
342712
595351
87184
154820
410294
398373
213303
914487
950809
258920
23750
565194
691962
501138
563538
589367
752529
898181
158673
974596
294645
388481
338512
296634
864720
634837
352167
730015
885449
943602
744723
226945
792117
61855
688195
469368
922340
127863
565396
444265
673767
508237
664905
638614
306970
716364
307603
497383
92754
996951
512132
911541
839589
376567
779647
151440
80018
375864
784407
743528
668663
822923
690441
560205
828597
190975
775774
391578
224574
688821
517532
139855
849811
639034
759466
548088
387669
988561
828017
250292
704067
134045
472365
607479
242244
619486
963189
378325
217038
420260
496529
624270
672468
959386
61866
895031
244785
766667
199160
528999
969921
594103
553031
64895
718201
498996
905845
135664
208089
839865
344765
862539
366532
148309
495370
957941
722323
485606
829397
278152
122100
419499
56775
602172
121342
911248
267065
427002
178140
768926
431527
373232
668891
546741
546536
213323
429532
413303
553757
584576
654021
747316
564316
518501
98356
85214
73225
136121
144943
715676
719636
755563
38618
565112
4279
858417
921203
968374
605350
983391
781640
724617
626054
898327
381150
911077
439107
50842
583593
897263
214027
798940
866148
134901
157185
138921
672120
302955
440483
655143
766988
730605
101199
213199
465890
202300
971110
204941
118798
710684
995304
937086
881102
836532
184677
581239
954415
252961
688202
964968
632190
342449
225167
717124
151057
560903
360586
425904
834840
410405
574926
186888
206204
889354
720902
52257
611556
704260
685723
560709
918667
363912
121144
403733
817390
274065
989024
248417
363883
932803
436360
523264
950434
888672
986183
692520
348252
34906
669599
801821
744910
531503
967642
466524
82331
708986
246945
695866
800529
514680
396440
265666
510600
630503
162773
120335
854438
406366
493774
3795
781049
39213
255494
304642
74549
598579
324594
218886
512448
448400
701695
372829
63102
457777
116972
802363
469385
363456
403310
742050
581568
4492
225449
260283
177472
986650
945325
193083
771601
269398
448962
131660
452675
585247
239446
454110
601796
59046
480644
63521
921358
170815
421888
297458
550422
162111
935475
413350
259666
388479
917045
149471
652294
800940
67266
127359
347854
700195
865050
456454
689157
75165
462666
54184
360680
435357
30991
767627
982398
991487
583071
957822
989786
773826
930799
158633
169269
478917
994964
565442
157959
599480
245604
23863
430065
513285
860156
763761
380639
756803
199442
955839
277259
700034
788092
702828
456195
919880
891845
245553
115224
497738
186413
494846
770865
728691
942401
229586
523200
976838
977613
908454
830969
187360
534078
598696
690411
979044
296019
60509
613593
195325
40260
208499
652081
214319
496583
913544
123844
684703
658135
328679
848257
438395
664752
784464
857326
620473
355649
948178
372135
444040
505125
282971
775130
804888
479287
629640
148712
620823
571830
37342
171340
46713
857884
104068
289722
220423
244620
103505
694507
273637
29675
865070
359702
890854
422533
313858
636273
411118
759824
904449
251982
660490
159270
448530
317907
721857
965078
720196
915869
40292
307283
371044
737885
762695
32032
328258
236320
325332
218817
173353
524933
326083
443137
536927
339224
974624
972612
546388
785336
177177
323570
77945
442172
18800
102049
532277
464864
125900
542433
182579
560301
957950
879350
195957
642766
131290
422976
418794
399539
667137
275795
526041
729946
445956
863555
8657
522533
518549
687359
155002
654158
333813
877747
756929
59108
951120
293337
508594
442313
633599
294544
628896
573059
189800
255238
99079
538407
821899
539358
77538
791700
939910
856262
458893
774274
433689
380229
705562
316183
685696
121539
57520
13072
732601
910202
257270
650751
454719
115409
267639
927824
566043
898962
158447
950949
350032
23469
937203
82255
222872
768735
114841
506485
887474
441469
511192
39782
360396
293088
695967
58312
5586
491750
335164
130845
512155
357944
34049
38207
520426
283513
873788
681812
735816
827347
497582
210660
29191
893915
516885
334408
482812
26133
198711
850970
308824
742711
340227
472306
549043
572008
892843
268750
121316
411106
781599
851234
294663
597660
246349
646548
867195
534253
585107
172119
171327
930322
505325
701503
145370
474520
840199
181919
505936
934501
155475
194264
203736
967441
27787
394291
729245
189857
880394
830836
970726
538926
697877
928575
104647
150397
694583
596445
559402
338541
95269
334674
773543
28109
687058
720191
986010
536316
38940
177213
70309
331433
211649
103335
288416
938414
654405
412526
989549
292933
761249
937087
334888
615945
664104
465796
193308
967520
455548
500868
556169
196908
878828
793158
197953
789298
168495
956247
404777
19917
231472
938485
597427
724987
155613
822936
776438
288429
31748
342674
180638
390006
78057
624772
253944
575794
834550
372854
758677
951889
51614
459095
150556
265294
172621
517692
398880
166230
524183
289199
10022
834586
145035
379830
575550
386511
24075
932437
158515
961646
106958
747846
989960
589919
328119
242615
664307
911971
897579
97932
905341
149875
562415
703552
963265
956717
107518
473817
729702
588217
334915
958891
688824
835573
949140
144184
993077
861078
416316
373357
596808
689642
725047
555823
261138
126932
316293
523051
934491
213548
400704
539777
803547
304532
816452
100869
496461
709254
455615
357788
166888
733334
398592
803855
417507
723804
581393
613214
566142
182126
306714
615182
803677
419560
29994
900853
706575
222571
568101
378063
810899
810558
790479
995969
510254
678222
160096
112987
937209
666485
588261
33615
674240
704886
800952
893196
323415
340342
845946
527965
674454
467551
931852
14796
347156
700515
238834
668655
574060
337827
845283
51437
449509
856680
311114
466131
293385
531621
415498
232553
481327
847716
832223
455114
11912
922922
449204
293240
39506
121228
752330
683677
630162
62619
44312
136710
680717
496939
279800
176626
990157
870443
417130
610241
356987
532417
782489
430735
411811
290159
471082
192157
542964
287795
985117
760530
869412
886950
272867
467355
191997
637807
560105
947150
591243
205619
66805
901988
994480
188901
737857
516229
528509
969308
471565
485581
487559
290377
881455
794011
60776
883440
729153
422527
480729
537411
555541
291219
166046
893881
278797
782934
300390
605977
70552
865569
181236
241061
681299
825575
536701
151119
861821
736712
820773
8238
852068
727482
531245
552298
854590
919447
892446
99045
930431
656487
805303
986320
549518
564063
78206
700500
600179
610884
666062
904953
10135
911913
417560
884234
285462
912514
321554
293010
602708
955697
61765
908509
108464
182022
249795
956165
791531
747375
559388
464872
12303
930125
546739
758982
631768
202191
56351
792470
293461
751819
134776
91896
711607
950734
308771
504199
229817
647556
663421
26576
261835
892987
823448
143951
954838
757532
250421
443663
457403
473449
369814
201028
959760
835619
69413
270850
80891
667007
297079
813837
810499
47995
298074
624239
797974
313864
952085
928497
16443
941674
189786
904541
974185
646648
234994
609844
853759
819578
121219
23658
650189
608635
856822
606101
574691
426450
467425
666947
368844
609756
272164
357358
197304
202217
191710
635276
228104
323690
747030
162379
614965
211121
781851
325593
55169
718164
655211
7483
447414
615862
971086
379922
146682
163382
180975
203886
4142
69679
467447
998454
97732
443297
349046
868041
274267
379019
777102
503275
912549
888964
526190
515086
148773
484897
314510
518113
368376
621544
148447
490654
658816
645335
562976
881409
964380
471941
178875
5482
766156
79829
39398
206905
690740
860876
422401
971201
479618
379374
70209
688201
638979
326645
290665
327504
684420
598950
514638
199608
961264
285511
404590
767157
726719
389242
788043
3200
147821
15447
945635
767375
832079
430533
594754
476806
276835
541044
7687
419628
55178
740885
407649
863343
628846
761740
369154
356506
76335
583843
213058
632373
332263
379382
773286
283927
824192
160304
171386
138359
625825
295251
358398
903748
984352
829738
17553
702655
155560
373254
202423
346608
332056
639709
110972
220883
212836
579288
654312
427898
220749
334430
598845
574247
559090
238214
682721
756301
352419
962534
188250
953494
800507
71281
149026
981419
613882
822240
445392
55861
963413
506191
79868
615329
13678
194034
921234
290196
412727
370744
487586
28484
181069
883507
720081
840413
432804
149703
541944
185512
437581
98709
261811
769772
15580
846392
509680
648586
654680
402835
691637
875338
154840
312748
546295
39875
729065
262438
564674
572310
56368
805825
931465
70540
231899
994394
970248
385929
142952
986472
702718
688903
6676
528088
116583
206337
549734
525885
280903
97761
663050
403103
775463
818342
675434
83278
203540
736925
795791
482730
723467
570550
859595
596142
161163
702207
266216
654773
201813
156395
808529
660052
787004
755914
293746
332937
115504
293087
338720
704365
45021
827260
964530
423194
19936
180582
742561
851046
995014
763772
262742
880595
893989
875379
127713
266242
961405
106898
696732
174585
605239
769234
242689
976295
289107
263656
426576
564242
255396
457428
927593
512595
764091
588181
840239
519162
615042
607806
503745
15365
973937
33486
858168
433497
613370
816751
34387
213035
503329
204941
945447
336230
207116
204596
461350
669987
51816
761167
615703
491933
223418
361865
384825
619378
103689
100438
200559
332068
470879
431818
628442
71181
765241
32513
543549
884913
241259
604252
274268
160925
570023
923544
688073
389557
899688
917771
715653
538902
959590
308566
390688
161806
39996
225400
185121
616264
185296
698709
516294
46738
750069
511382
213196
940051
640675
265274
297491
382064
556197
897942
809921
763693
860783
42521
657609
624900
938222
703617
96918
229898
878357
113331
44635
213761
692119
142952
921394
529802
775193
773040
220686
105156
927087
202545
70224
242176
180651
420206
150589
666904
38980
214661
248767
330550
593807
618449
711771
183211
807173
559782
875190
208419
484340
867222
11679
869081
996354
990705
270296
527979
332166
359667
650593
777377
887184
177942
982948
178656
80811
70199
904642
537887
172236
135676
103345
787927
153153
767632
946687
930552
445789
7048
412207
906491
100516
699315
262462
549967
574836
17505
22295
508025
855292
217417
996561
583214
108166
834538
203401
406532
409393
855695
290070
766001
575955
28591
360165
238180
967217
542921
390408
377704
934553
293603
182219
547475
4850
328464
325416
272658
659245
954441
136534
172527
57987
5612
185385
920105
117779
406524
356191
510477
45951
123610
471940
383556
966762
45003
606599
342690
821648
379988
372984
252057
90842
676004
142828
58293
550994
31393
623883
551136
762374
593996
504779
235497
151222
140089
83709
84129
499967
558770
995760
608126
427767
325778
307891
305121
534884
263209
199732
525958
149973
593952
569143
10657
988656
593424
573153
315658
446588
134367
34737
491459
18369
104503
31609
991861
228105
73792
510681
245986
997939
160229
708071
469510
403570
106185
600314
368838
927135
426969
157607
734424
793819
647045
551579
392281
443695
619619
458026
214281
284973
608188
154235
481863
954482
946876
55216
24591
225453
470576
856534
941280
137601
610983
310363
637436
41355
737863
569098
629050
848831
189117
800449
843789
565374
620857
13681
672935
492619
629756
680862
297758
83997
801491
600502
828472
977006
435442
304590
731830
328098
477009
255459
776113
642765
369201
891401
307453
37650
295716
13479
781308
549138
282377
370862
765941
677934
843647
767346
221589
132819
670109
37625
149670
428644
417365
118792
304730
142469
226776
540021
483759
33386
192376
584275
155495
744836
521900
811735
708307
401898
663208
963597
773783
538372
925131
358679
793303
967704
378137
298496
172502
542029
674719
416956
48717
862775
797826
799802
419677
972866
950277
770003
445185
432971
707491
936217
724010
345311
40916
997116
885006
813937
805928
371430
765497
799405
320929
616944
303317
15749
142985
641247
148745
345019
526925
882642
571066
751687
93954
2228
398525
107313
754562
77148
563670
57986
2955
194931
535205
454980
704264
923732
306401
182756
809875
324224
818774
872570
812066
949047
973820
167154
711192
538985
768357
254251
781471
421303
746504
578514
33679
424687
578537
344034
942494
10511
339857
150007
1425
659692
466572
335008
787958
988638
516365
278442
652366
768469
486105
772418
116005
100891
90547
644538
814052
66622
268963
518641
214390
35073
131033
506225
77961
987890
511262
365956
796472
562460
885262
829761
961515
340806
3262
506430
270562
527595
123596
545221
695236
773874
260988
715301
662350
327479
157200
217273
151593
888769
388063
280177
473093
571418
895294
407375
764060
98334
496615
382091
974155
275627
841978
97608
171412
827235
594036
244361
217809
862077
359046
890043
40528
635382
455997
753746
391795
659701
500511
20515
719496
177760
47308
476980
924059
332646
289204
976312
897036
900138
785309
591573
729793
625844
866725
170797
415849
227846
17568
999159
561543
64525
757651
19189
67502
938281
941927
139954
405757
292333
728721
538668
718200
55218
788826
622079
879137
225456
675369
807074
890031
946036
541563
94800
572408
975358
520096
309927
556945
954188
342862
34686
453751
511904
717024
464170
449138
848484
502847
839266
961290
583637
870202
466401
248831
706559
616691
604678
544497
325395
997929
324039
145950
488495
387703
909175
257557
808247
460414
186944
760104
5518
774974
479976
210626
517871
488208
97695
426409
390414
210539
432476
971287
429303
837063
216034
974711
904652
70583
253585
914524
202237
550989
857535
560281
269698
385622
917490
410294
276367
721600
783595
224710
203836
631656
339398
385216
853579
407463
694567
118724
154760
336146
283450
34284
246807
295795
507830
302151
502472
999431
84295
466415
454706
478332
248328
991827
509632
227335
819994
193695
836028
540386
618604
963365
622193
869287
312033
327317
737744
434759
468324
967098
764928
755132
884799
42954
726960
261270
861042
446419
629352
168494
840659
859809
717343
277561
523853
548845
424520
707776
432125
479422
671604
17285
920441
768753
377522
79335
600298
959392
736775
50857
284433
27930
804792
938511
18794
680619
479728
952305
461677
524749
558009
892101
653049
638725
642963
830035
253011
308717
102634
909446
585105
600347
723080
754838
285007
455275
59032
395960
218567
553708
673059
976171
649187
394598
320626
593863
603969
361128
723646
550199
578349
267142
81796
429257
922740
561824
384592
257881
833164
75158
242676
766957
535686
537201
757994
630282
241239
54038
847330
270599
897184
591205
452982
938797
241887
846164
508991
658730
393450
742418
34031
768202
524852
680536
938334
845978
36406
879478
276422
78936
64648
875723
315089
537754
210821
884994
975727
750000
365198
787420
747792
25678
852653
169392
979519
231700
718829
880756
161008
882820
185646
604932
331685
918273
129531
170270
334780
37770
136609
354757
378735
892865
274627
653377
748503
792788
100632
402939
926596
805758
199071
410570
264671
501998
573005
62954
591152
173819
834326
243463
494668
488727
171138
520125
14774
816381
209806
552947
893880
481628
290735
628035
900144
372255
587573
972035
367134
945513
576981
518756
724123
906155
496953
738521
817536
328927
574679
109809
82237
394500
978501
994737
625118
234494
143679
62982
641265
497717
322952
757068
371199
182226
769934
821991
900864
243536
542793
183923
433383
810848
988678
18463
335438
508212
925157
318450
320936
706760
786436
185225
571885
935551
773251
393974
212688
208736
434155
530361
330148
855270
884507
664183
999845
587501
769694
542654
88945
754651
161702
337245
583225
590250
511564
574186
623271
491662
719727
88939
465291
873674
169892
36651
514671
955149
988313
743233
704592
898554
562839
656320
379762
600385
743805
84201
625195
707115
352920
406982
926749
462459
598578
58708
159209
719509
791718
886001
151341
734905
176864
831686
731703
831225
877449
626491
656598
381231
939414
281270
355790
54300
900836
157275
580647
436840
918351
750611
413157
916483
460925
348347
259244
744578
273048
40345
497567
933360
498283
743460
743598
673960
169871
930199
463395
354525
697041
624880
927986
28057
231715
515846
54394
795549
596397
939635
409102
115651
62348
153159
571606
614766
840443
996242
355887
911048
372864
233596
329508
488976
415148
714962
988856
388656
288916
964256
45452
386201
72093
967932
894864
538090
601078
113964
840139
822636
480189
806991
413325
520333
337228
114984
569604
95187
574980
234444
677937
182043
277296
283925
895336
314352
823056
422203
689996
6132
32821
977663
457141
407300
14513
56268
458610
414493
285608
670579
119375
133852
271091
435524
244157
688871
262059
422808
83489
811027
14502
258596
148094
895330
487363
81601
154122
952038
131155
625786
738031
999282
716666
845327
83324
171177
567069
526532
929754
835898
735109
512918
502094
809353
63672
208003
557746
478437
410483
441485
921177
876787
72221
537200
559592
718499
719207
172068
381036
606133
971663
193592
410383
994595
164090
758845
500470
854988
615853
576879
438641
245327
6277
619416
247925
470104
593254
759227
141084
85762
223557
895713
325616
765249
273363
579542
959928
391110
577384
557192
68200
291954
889836
173629
737532
1219
237761
588590
499675
714603
358687
498981
13960
290942
539598
977355
924952
464778
196973
757233
672879
2633
188528
804738
289619
736073
278835
623618
650599
304669
968425
541288
387403
817699
200144
62834
940457
572617
913897
508138
996847
140779
743782
545100
686677
309189
790935
618514
856291
746936
472355
236886
169839
568301
847315
571328
111028
675312
326502
693186
951324
237245
685301
923079
395721
17291
113943
1800
634472
855695
181439
955303
831319
654032
334229
965803
966022
41895
995828
413151
125462
140635
312320
833420
83080
745985
856656
72312
605135
651791
645337
394836
326519
154458
6031
903404
52556
953370
124198
590694
495951
261240
400440
337345
581496
874984
649830
237636
323108
403855
738459
79803
54698
26569
670636
937174
21879
893145
245726
787876
538479
746283
619337
954059
202311
396029
158763
251572
114245
538036
756937
93615
935972
818977
853604
113239
581678
430375
213342
792510
366322
102535
701318
985387
185841
553312
215726
632776
44109
516457
669894
957863
420698
211782
118202
802458
561518
765606
222537
609754
56737
831519
594416
478575
348752
604126
934421
650493
27696
677050
956619
340568
34212
213710
270094
970545
685097
243397
576897
61206
80177
546451
997798
654740
815814
652961
409434
353430
12995
408177
482012
52579
39971
684169
205685
314164
32042
809453
872730
21185
998227
320039
974128
203141
521287
936156
197556
768401
78713
167423
598284
528784
594371
214827
605862
76540
899865
342289
936236
223697
519894
874736
19718
794270
224226
327767
685913
430742
822534
703103
160714
971246
521200
227377
458645
802810
419372
448346
66543
317175
152323
249460
912073
675637
140644
523367
116880
587790
987166
632141
312658
128213
729065
867769
314074
467471
749760
200088
726406
542950
192549
371484
815539
674271
732543
153089
409589
48281
529990
62452
59972
19630
389819
512834
723942
396994
25034
774199
666051
152894
12314
158289
575096
217914
924301
393745
169141
828339
771623
545214
173274
969838
45872
243957
443036
483428
919513
789108
124760
591108
408502
887166
756759
918846
313042
594998
471013
619884
895058
601716
277620
25671
98219
668971
642982
617040
615569
640477
230663
276828
379598
718890
677142
228249
751887
675560
118390
594752
4559
19690
827706
450138
295441
296033
968772
250906
546480
684931
703751
464279
822772
298972
929402
866409
989636
595110
424933
688911
131446
185004
474713
935713
486861
256192
114358
294525
118962
187933
909311
162475
981266
937793
488037
542474
197796
748639
556399
602271
286121
808576
685176
149692
964930
495499
981601
156163
4697
688623
869918
239586
850713
666462
261295
296133
108649
264691
918762
398890
846618
955553
174327
181575
971529
961765
158303
5167
586331
98498
377352
198082
890690
517566
10722
72136
59012
976400
727899
472356
586319
936301
474415
716474
908691
107210
792812
923476
750065
139695
263919
93836
969222
853974
739096
580446
968149
708656
638834
42778
490361
171759
991242
903742
631763
834510
597610
963669
723624
311996
33167
781484
297200
120107
639536
651047
943720
27338
517040
979266
281562
926586
926994
384284
719602
777898
390889
475228
122618
144767
216561
101806
956429
490893
192492
105175
748488
830836
230638
782689
26913
341740
471886
742567
141164
501114
552732
366569
174800
80501
766404
638766
671046
834628
364514
332414
236060
197150
879843
966997
571559
246188
183125
701739
987170
948186
152445
848577
28159
610095
658790
865316
270998
331461
186044
255139
351749
842200
126869
549382
117338
9862
748151
51193
754790
402792
453770
931416
36629
563840
932288
610136
533624
89917
266925
154688
737819
477035
432654
926126
593572
706997
522924
354028
967795
665956
742772
552183
660636
669022
566675
653618
307637
949385
585127
769407
160706
205634
781983
497847
808665
698746
760232
826275
195728
326621
367247
115075
569033
56624
536792
204393
766860
822954
269842
254468
223390
729923
617818
43920
617828
380607
790737
897817
923344
88960
148805
220948
513064
635538
880893
523728
119744
624259
423629
248992
247920
406810
281532
701288
483142
723339
517761
714680
856271
794748
790725
846902
276787
370493
487359
177132
414780
38396
22709
519102
239448
352261
522129
877167
17332
447799
195950
725701
419686
906249
48847
488
697904
690513
267931
52740
75141
591880
675742
461334
275129
224217
497347
825010
175669
313962
167839
425785
497694
367661
988100
729102
576680
542312
19212
201881
226441
775307
808863
31509
557438
602230
868375
322745
529110
433362
784991
241630
691236
946306
674696
274660
662946
703390
16880
711429
533728
959576
452293
792279
661648
940953
642722
498973
815117
837912
544859
227846
819307
248585
496397
467087
570958
621065
668715
8311
629116
389251
233593
948367
2941
621368
919863
960183
28005
254926
417408
446948
900845
119966
929018
880398
870557
821478
375030
488063
817629
607680
234100
623465
607168
90684
60582
185995
874105
664514
682606
26797
310111
542700
741116
580059
109171
322228
79751
530515
246777
410860
342762
764302
485389
589150
729497
567542
751023
963374
419120
166650
965292
592518
265284
990683
275032
306776
229817
436055
722246
39203
97273
611872
22963
22207
312549
893931
774898
649845
515342
5813
695016
231047
867788
40276
356622
778463
714980
540054
558865
228614
50894
478311
564072
747845
610519
392623
950939
981116
774020
229540
279581
800726
740525
56225
423238
313823
696506
119189
662585
770735
769545
131941
328478
267989
530333
627877
723323
337130
347011
868665
806539
33310
506640
969926
995805
952529
418584
480005
811511
629603
923032
705130
606719
13960
957697
764933
341267
847644
932772
884526
166593
519281
598023
662571
282891
393478
455978
634350
980203
198090
277399
501259
565642
9411
884534
335969
869156
172503
751372
752416
691554
499778
790515
357293
476879
429946
713381
52300
961375
409350
481982
32532
470077
910314
166876
196737
339248
666192
909969
344627
103681
885549
597434
558905
166376
625458
242365
355824
295364
485906
503921
851008
331179
713493
798147
783893
971864
246705
475415
643248
638293
805195
927419
225114
908205
605482
617803
939315
202065
578032
615440
587011
250826
448801
484706
51685
106841
443601
976480
896700
253447
880126
119599
993125
871550
113379
233855
452228
911623
38842
349192
656545
25258
163245
578068
291700
1180
417777
578709
430668
629427
784756
253780
762441
242719
562324
748363
605610
34
733820
455952
12303
356171
290048
531168
753097
782586
323102
901617
170608
214887
329400
244872
422814
477995
992417
297069
523188
27168
163610
247333
603989
464898
708600
288820
702546
698991
436380
794847
648066
913118
582709
91305
264599
249605
651966
293949
380516
725278
412330
519070
741887
250011
250758
452085
898431
766718
425262
650152
314107
303129
809801
961872
393493
17685
625946
588902
269348
364817
879045
662193
745860
470840
199478
688262
702006
509139
136652
487421
859911
72828
351642
339663
47698
495762
483499
235040
239361
30146
783447
610850
315678
447554
718702
597923
56570
770674
276550
276432
756496
30481
500521
835970
677222
226306
96578
162076
17611
125622
153445
847763
513362
244797
815407
661822
927854
535531
484385
881440
989332
458976
559238
338166
388911
668683
99173
314784
818405
363673
509095
952329
764047
704430
783718
214616
893450
990919
660023
961488
222190
262056
353514
687576
237949
269480
135655
711930
484249
918637
9458
201060
144256
574976
169195
713689
708134
660947
698224
687009
489238
359856
136766
225322
764429
473768
946164
446716
966924
554393
932305
880574
536061
709527
788710
333718
6213
743284
380509
35324
418162
335235
205048
726709
102751
99305
702734
230631
708958
40900
704085
815878
894110
555566
122114
787574
386726
619934
724014
597529
390429
997561
140620
624705
824701
850036
90119
412277
345388
341226
525268
634249
928328
392643
369848
663205
367062
434329
579118
374703
403075
666425
590469
280800
474002
612206
571024
293192
945413
396227
573783
157059
151964
488606
112354
934820
368710
64162
26929
823990
889256
434815
484565
294220
505430
54318
420057
55939
331553
824172
831632
685514
654673
950685
304975
880620
411002
604893
516762
129809
930622
308065
